N=10000
time_seconds=0.000419961
time_ms=0.419961
integer_operations=1990000
memory_bytes=120000
gops=4.738535244939411
a_file=extra/matrices/A_100.txt
b_file=extra/matrices/B_100.txt
output_file=extra/res/C_100.txt
--- MATRIX ---
100
35115 89844 12944 -38959 -33191 -22739 -50624 -9111 7991 -870 20567 35908 17905 -20525 14517 -16634 30621 -6180 32346 -16124 11399 -7634 -12410 -9949 -46757 -20016 -45792 53736 -13801 35991 38552 -54592 -13250 21467 -23528 21783 23780 15227 34583 -33693 -17175 -18256 4872 63166 54225 -23136 38738 33437 -9046 46579 -11064 -20735 -12916 2917 19237 34679 -49697 -55555 -42286 -40524 -43911 20208 -6939 -59899 -2104 -40322 -29651 -5050 60005 -9786 -25247 1754 33915 40711 33577 -43198 -9619 87181 -27728 -58010 -15400 21190 -55606 -57776 31090 -8936 -28847 -60318 -24299 23783 14260 -16573 -26179 -7713 -24253 64066 -35604 18415 10902 -705
-37921 23649 18721 -79935 -234 54686 -3546 17281 -27302 -35227 -8551 19314 -787 18970 9586 -17023 -47362 -33474 -9452 -51537 16899 21136 -13679 -23505 -9957 11729 2186 -4129 -8154 -18265 23201 -44665 -43610 17938 6399 -21071 31128 -51655 43087 -21858 38769 3172 28983 4751 -2357 -28445 -59864 -37456 -14494 33563 -9342 69004 11834 -49305 49300 -9374 -17841 2512 -67346 -92210 46212 -25286 -33684 -46710 15902 -18972 -6432 -46921 25775 1210 9339 -7380 -3283 16126 13099 -1765 -43485 -22269 -5677 -23762 5100 52298 28915 5982 40199 55122 50542 -17135 -54403 15531 5352 -34303 41270 -2088 -18538 7553 -34843 -5910 21376 -16557
-11716 11838 22887 15014 14696 -39942 -28295 36499 -23281 10967 9378 22545 -6266 -71272 -76428 -11714 4145 -6311 29522 31838 -8092 -41109 -11302 61412 26957 88247 -11396 -14657 10749 -8581 -110834 33226 25137 8872 69059 -12455 31009 33446 102920 -15266 18591 -28365 34798 -4827 -14943 42659 36232 38362 -4800 3605 59329 -25823 -18367 -53316 28465 20158 41292 -3414 29664 -6719 -22499 3316 -54633 -36853 -17219 -61604 -65346 8214 66654 -39972 28553 -38484 18539 -12187 25811 -18748 -12423 18181 82634 28610 -5491 -12582 -25809 13070 -13881 -27645 -883 92231 47580 28573 20394 -9916 -26406 -4802 45336 -17335 -15679 -39366 -12507 -78522
13017 4212 12246 23163 -7741 27662 65436 58053 -19430 18040 23293 35844 26824 48995 29343 30033 12968 -15644 -34665 6194 18476 -6164 -11065 -32811 -1083 -46175 -14301 20562 -19732 38023 25751 -58695 -32399 52262 -73193 24587 -35398 18432 796 -22443 -8860 58914 190 20398 43845 -11362 -19162 14863 19115 40650 -50407 14977 21243 18327 2651 -18228 -23714 -61353 -25441 4277 -4316 37960 -10424 -80665 -42847 -55720 -48674 16770 -22241 -832 13464 81057 -10854 3763 25943 -11569 40615 23690 64622 -156 2692 75115 5160 13740 -11727 -53718 22936 -30036 32658 -9909 1834 -24853 -11838 -8095 -11473 7356 -49738 -30294 -17365 43423
-16377 2310 57140 -5723 -4987 9491 -6216 -16394 11576 9193 13880 39410 -11319 -5706 7739 25814 -5174 38419 65936 28339 36817 17963 6363 -9974 -32906 -29557 -13545 30570 34673 -19730 -45978 -5362 52066 46877 2187 -20775 -13700 -45468 -63579 -26915 -13017 -7746 -12955 23276 -26378 13005 9329 -20701 106 -21933 -7723 -8891 69877 -24368 -9949 -6937 529 5074 -23318 5157 30376 29545 27276 -3744 496 70182 18785 -55245 -18316 23592 -2794 -7287 -4688 -42055 -31093 14653 9010 27308 -10283 27839 -30862 -9777 85854 -1537 -32542 -39172 52898 23318 -20483 -51199 -19457 37829 72238 -86419 -21443 -80243 63577 -3147 -2011 -23583
-31025 110162 83387 40444 -6169 -11721 -57240 21008 9621 9932 -34961 58579 -8960 1673 7292 -18996 23939 16385 8956 -12701 61586 42373 52078 -38552 -9251 -70037 8334 -22470 22459 54770 52742 780 16641 45942 -25096 -24712 33259 36268 39661 34419 422 3371 5615 -35846 -16372 -24428 17397 48003 -17203 -4357 -17608 14856 8317 -24873 26005 -44865 1278 -93959 -103626 -5810 45597 -18517 -14665 -78074 2132 -70735 -12495 -27466 -35594 -63991 10940 62234 -20663 -27583 19080 -36122 -53078 -32041 50511 -13633 30726 -9147 -40447 -8817 65006 68581 -39040 82652 32420 -7507 -3260 -58422 38439 19161 -35248 5830 -30055 7221 -74768 -28918
-3653 26811 33366 -12774 46193 -214 -40825 -17327 -31766 83 -1325 97839 -44899 19269 -28146 21200 -18084 -50652 -33896 14382 -27478 -55360 -42830 -6137 -52052 -18830 -56424 5532 -32529 15966 -73207 -50320 -7667 49747 -34962 71608 5930 -18503 29850 -8914 -24344 -12604 12871 895 33928 -40392 -10303 36323 -24678 53173 -30293 -55704 -3026 52501 2061 -19661 -30192 11214 -20907 -18426 -22625 -65009 594 1710 -7588 -35215 51763 -2482 28534 -33268 -71967 11238 14958 45616 1378 12417 -25481 -24147 -63338 15679 22808 35896 -8545 -44983 -35383 -5516 33866 -43421 -52621 36374 4567 -47170 -5365 -23602 29332 -37317 -389 -7209 -36630 -38791
23403 -5114 -8045 -47563 62457 33476 -8307 -8658 -49520 -66288 18437 -15655 -32128 -43686 -41502 32798 -15068 6928 10094 4227 -25212 -19461 -49511 22523 -19882 79583 -51027 4410 -23181 -57477 -52341 3557 5973 26194 -1219 47901 -5488 -43812 36742 -23417 37444 20702 15393 -79280 -19815 3405 -4932 10139 -18608 -21681 64213 -21305 22962 18525 -28169 7979 46083 100458 -12205 -45873 3398 -7404 81091 15551 -10987 -7273 -24340 20340 24552 35139 -39987 -31604 41826 12464 -12636 61111 9665 22815 -17562 7402 -46324 -12364 23419 -5489 -38344 -833 43463 30846 35827 14165 71672 6154 -75217 10396 5916 59738 -1032 -11860 -5697 29342
-12287 22179 38917 -22452 85126 3287 -26165 -53762 -3633 -58588 3441 -34136 -16549 -35718 69096 -7608 44942 6951 20930 -5372 -27699 33419 66759 48863 -3717 19242 -44702 -8375 -13423 -32975 17745 -14547 43731 -21035 -22977 59275 46035 -49232 -15167 -38994 -34968 8420 2538 -4685 -7054 2377 16095 -24374 36993 -48023 -42 -1141 -19030 34694 -64704 -24858 -74435 46302 -40016 -88373 -9979 -15419 -6748 27087 -48874 16124 -45379 3009 42821 36418 -17878 -47044 62594 37630 -50884 9309 -1683 23780 12962 -19044 1937 1752 -47882 -16027 -7328 -23755 -589 -21592 -17439 -7273 -32397 19094 34844 25289 4432 45171 3624 -24985 -14525 34454
26038 -48526 -12072 34135 -49575 -10074 -19350 -17247 -87946 52909 18702 -21827 8737 15083 86534 -11917 -33590 13362 34382 833 -41412 -50432 77709 -3164 -21593 -49076 25720 36627 25651 61153 -6629 -9542 3779 11251 28312 -19451 -3238 36397 23220 -15170 -20606 5640 -4398 61551 -7042 -22476 37796 24296 -12161 -34731 27152 -16363 11003 -4764 -26162 -8037 -50826 -47299 -10371 -8872 -7339 -2663 -3085 34732 -35659 7042 -28849 -19583 16346 -26194 28593 1881 -65375 53292 58349 -74546 3029 -8346 48294 -27791 5438 -18394 69046 2998 49492 -20733 -3475 -36990 123 -8165 -58447 32386 42809 -21090 82935 -47520 -6682 49109 -38570 -9061
69012 -77156 22261 -14334 19128 -22953 68933 -53029 -95135 -14554 20723 38727 20224 9946 87647 -46843 -32811 22119 -40161 -7960 8406 32572 17642 28856 33577 -577 -20087 -23786 62466 -37146 20726 -5791 -6402 -3366 -5293 -10337 45126 -30607 -50753 37135 5736 -42417 -33762 38377 -13238 -19071 -6734 6230 29145 -20703 -2538 -7081 -12721 11336 -61150 17293 57840 52334 -1119 13321 -5775 -15997 1257 5177 16894 31597 15675 -13854 750 -5603 18550 -4971 -5572 -18660 -52891 20219 30560 -7838 9751 12714 -44969 47839 31528 47942 22386 -47515 69215 -53337 21451 20489 -16437 14331 64373 -30937 7641 35446 -12807 2342 10182 11550
56351 12113 -36410 13952 3362 -13380 -5826 13977 -50038 11872 17627 -41256 30979 -1261 31476 -6094 39156 18084 -19924 -13436 -12481 50249 26130 -948 64110 -8639 -58047 -5177 -19804 36124 18725 34805 -24312 -92630 -17387 8096 8530 -5001 -21039 -9048 -19433 34156 15283 -35403 -17358 29211 89995 17752 -55354 18603 -20918 -17178 -44848 6769 -7147 50376 9062 68701 -41464 2921 -41311 21435 -10595 39262 39740 32370 8345 -33514 -45564 -2235 -50897 53335 49599 19132 -6110 -6466 -78152 6749 -35262 -43976 40150 2926 -80235 33424 -14504 -48083 9033 -10457 31351 5192 3330 21742 -19487 61697 -48151 46537 36751 9399 -22660 17580
-49547 4477 -16241 -56376 36375 28588 15077 32166 19133 4019 -32783 2030 31554 53141 -39254 43415 29293 -38412 38555 -8854 -24781 -79101 -25170 24276 29374 -28852 8723 13474 -38773 369 44959 40875 48823 30094 -36564 9518 -34966 -51073 4585 -35954 -5096 36439 10767 8925 31509 8831 20568 -23080 26346 -35697 35720 14768 -15337 6030 65127 -22204 -42876 -38120 7349 -23218 32683 -18886 -39479 14249 -43324 83870 12630 3042 -2158 9273 -26981 34767 6651 23300 7715 54027 -1941 -33180 973 25567 -31308 -10218 13782 27699 8328 24659 37015 -11734 -31681 19573 -24394 15937 19214 -5315 810 40253 7568 33522 -41877 -3052
12739 5178 28787 25536 30461 47923 -25148 -58590 -29525 -5342 -24629 11975 -11202 15965 -9002 -18314 -1949 -27303 -36286 33828 34479 30917 58852 -11086 -26060 -16121 -68435 15047 3309 46777 -80371 18702 -46141 678 -8410 33400 -13017 -21906 15969 330 3051 -13334 -13517 -56849 -39457 332 3462 28844 -10970 27514 13297 -13603 -53734 29700 36027 -20452 47936 11705 -14030 -4649 -19250 -57158 -1782 -46226 25191 19269 -9661 13902 47992 -89385 -10500 -29969 57671 2945 -19252 39394 -10257 -34408 49910 -7214 1952 52642 -60844 -25894 60535 -2742 -41418 23954 -32823 47556 -42374 -8049 10344 2526 -55942 1808 11086 -48282 -19209 30584
-24252 -23750 -22720 -31021 -30218 -34693 -35 52849 214 10393 -11732 -51718 67466 14126 32981 -34358 -32292 8612 32531 -22504 -44833 -7069 -1471 -29200 -741 -93800 58664 -28970 -29524 -39592 772 54035 -2227 -39289 45945 4189 23034 -33905 50082 -11056 18593 32797 -9788 -38732 17202 43878 -6493 -22898 8439 -29324 7666 37883 24070 548 -40111 -7158 15187 -24343 12554 -18097 42369 4550 26347 1659 -53863 2048 10735 -541 -5979 48990 30637 48166 -59491 9300 10786 -27 -11196 -72163 21702 9963 -14802 25285 90109 40024 25033 61171 58693 38621 29795 23350 -1096 4799 44212 -14587 71231 -2190 -3946 30377 -29926 -24595
3074 -19169 -33802 26751 -3865 -56688 20930 6245 42970 -14610 -19527 -22918 -50593 -6283 12734 8508 -9326 28459 -5547 21889 -16472 -32160 36953 -4684 906 -34686 3099 29914 -68964 34515 14856 22752 11997 3449 42624 3281 18684 23856 -1612 -8247 -47056 30196 -29780 -6454 4866 -46706 16411 7457 -14683 96 10662 -14453 19212 11410 -21228 -23081 -41928 31059 -7217 -1246 -7679 31149 3687 59994 -88707 23587 -13173 37305 -28885 16758 32996 28190 -44695 40196 35478 44312 14439 -28691 4945 -22662 53735 -61273 22299 19845 -15266 -1252 -36395 16841 -54865 -26811 -27897 31254 -14981 -167 12921 -24888 3348 9112 -40930 25808
-49935 44542 10884 7365 40099 20518 -4757 6799 -16564 27510 6389 -8757 31485 -85004 2566 -35831 8379 22255 8474 -16619 65579 21623 44168 -49071 -10463 19507 -12577 24904 -29183 38348 21008 -49497 40999 -12459 -19328 6834 52682 37904 9253 3338 17942 21739 -18588 60942 6087 15215 35744 -14861 30165 28226 -38261 -35406 9132 43521 16970 47990 -60937 -35912 -20435 33481 16752 7916 -25959 -43883 -18509 -6219 -30594 -511 49742 -59603 9554 -44085 -15197 -14539 18838 -12257 -4734 -45725 -17311 -4747 1683 55917 -9678 -13811 -32569 -23924 -28376 -9666 -2156 56845 -46498 -7125 -2854 21468 -13332 3120 4605 -41666 19536 1081
9919 -5911 -55590 -11244 -6434 -2848 -11912 37724 -21023 -43236 37135 -13730 20422 8532 -5708 20785 -47814 -1988 -66614 -3345 -70153 -53941 -9864 9161 20301 34700 -10276 23901 -23647 13564 -27383 -4742 -36326 8161 46999 27062 -51957 15319 9400 -1451 16374 -22519 -24812 -20292 -19801 -33536 18165 -57231 16770 37768 -34365 -1957 -42021 45836 -8057 93804 3474 31834 9787 -32474 -29615 82477 35919 19912 2314 12668 -3459 16235 20456 517 460 -53897 -31102 15163 1983 19125 2828 17759 -16465 -21416 -21183 -34011 143 77343 -48721 -30847 47203 -42781 -10267 -22749 61267 64411 -2528 -14572 20332 -11343 -5897 5248 -2210 -33685
27896 60302 -11978 39314 -33625 35374 -46122 11095 20222 -13351 10203 -6940 9638 -67495 10097 68695 2417 28836 4742 -2109 -18262 2060 32511 6534 37413 18384 17978 -19808 4291 40852 -27243 -36941 17690 -31564 -37214 35218 -32744 -18926 29896 -23350 -7563 -1603 -4552 -76317 -25992 1785 72425 12928 -52825 -25674 -22494 -48790 12423 28473 15360 6236 7177 -45309 5030 35831 4799 -39176 -12150 1047 21206 16585 39573 -45520 -50879 -7160 -19436 -10001 -21103 -27748 16287 -57136 23875 29523 18822 1937 21414 -19225 -11460 18412 -17006 -29011 -27088 -43781 24917 36610 13072 6750 18080 13723 -10062 -30070 -10352 -3437 -20188 -2722
47669 7514 7719 44928 8718 -26799 -30200 65097 44010 -8528 -7311 121 20750 20784 46077 24376 27073 50470 8259 -3213 67544 -75033 -6861 2193 40316 -41780 -5211 39188 51915 34738 27030 41028 66293 -30469 -4975 -7674 71584 33220 1363 -22298 -12235 -33109 16324 -32721 -26500 2571 -38425 -4453 11819 1162 -2891 12646 29506 -20768 4896 -48730 1870 8489 -75149 -13675 34766 -2702 -14409 3982 -36526 -31152 -13770 -909 -17729 14142 2027 8634 -26612 -17167 -3830 17654 -45742 27269 -29267 -22860 -5169 -9062 14090 23434 7082 -39377 55051 20548 20356 -13797 -5531 -1110 33276 10388 28936 -7924 -30542 29438 36086 9340
-34208 -38845 5829 8425 -4075 17646 52399 -12235 37755 -43962 5860 -16194 -24621 11853 57484 -31752 -34563 3062 3878 -47472 5927 5846 -23157 -9132 20871 41752 -37342 -52288 -4458 -8070 47557 -28491 28064 22715 35150 -10934 11195 -32066 -18712 15693 38262 11059 -12010 -67503 -4330 -15955 -37480 -21442 60703 -9613 -26780 41017 -19006 -9741 -20321 704 96669 1639 24918 43467 18663 -22601 8438 -45514 -23 -21596 18308 -11695 44742 27753 5681 -32687 -8405 -25371 4357 24068 30313 -34392 -11169 21225 -20857 25944 -26933 34439 7386 -21099 6219 15314 -26848 20649 -8479 -22958 85350 6043 45305 63078 46515 36865 39254 -17114
-14750 26625 15605 25036 -33793 -2869 -5468 49138 51871 44967 34906 7343 17406 19206 -52014 7148 -33305 12643 -20770 10208 -28082 6738 23016 26322 51382 -59952 431 -37576 -5916 -6933 22807 25950 32716 1517 -17641 11156 1637 32511 -50370 31236 -3027 37909 -16078 -19372 23422 8357 -13926 7353 -4078 27022 -47005 63768 -58952 31422 50791 -27142 -812 -6411 7429 15824 3794 43678 -36758 -11273 -19556 -21165 37549 -28417 -43378 -24317 14222 -19186 51177 -58083 -5060 38961 18588 -35362 44549 12002 -28203 -37638 -21549 -37685 -21549 37947 24485 -24598 -37390 -24649 -37003 14322 2539 11771 -64040 -34584 -35558 -21671 -68781 -29964
-8560 30590 -22133 -2500 -7387 8992 -37105 69038 -26267 -2551 24187 -19146 -3226 -47942 -1919 2246 18321 -23392 42169 -34717 28107 -29872 5808 -21369 -750 -2346 -15547 12396 21044 3816 10455 -27226 -1680 -1340 13948 21018 -83196 -1283 -42704 10718 -79 43187 6060 17352 -16572 -60170 54812 -30999 -9270 -25366 -25202 5501 2451 -42512 -19562 150 -17530 9849 1472 37579 15566 6179 -9128 -11836 24379 -8432 16998 -49304 44565 666 39435 5291 -38047 -12359 -16314 44706 2498 13356 -26899 -40300 -5240 29374 -64443 37256 -7492 -50770 5401 28780 42136 -43551 -14523 51996 -3259 32431 -60391 47479 -39595 20793 20599 34049
12287 50004 -83663 -61661 -21097 105302 -77861 19926 -88978 -10924 -67559 20652 32541 -25018 -9248 -22962 -11822 -32812 47178 -45839 -19828 12052 782 -49523 -17409 -7616 -36810 -34397 -73926 17423 -41149 7838 -84228 -14777 -5377 -56186 26718 -42492 33440 -44020 -13322 4647 51306 43774 -53157 -43899 63817 -50393 -24366 62305 21728 24582 -13099 52536 -11429 -11848 -20002 101938 -15704 9653 -45664 -28939 13039 23929 12547 107734 54426 -16151 52514 -34522 -37780 24924 7840 -14834 -27736 16743 22701 3715 -57885 -18057 -16251 9788 1290 33208 -9800 20974 20184 19789 -33528 -18209 -17572 80479 39738 -1498 -21818 -28928 -19639 -21952 -31836 64097
-8437 14175 65105 -5278 -10922 15651 -19424 19032 31997 16874 -18735 54076 -35046 -4837 -63129 10638 -18124 7018 -38693 25914 30547 -47401 -40457 34734 -31733 3536 -45986 45637 -4172 -20812 -72646 -24140 12972 78039 -9669 -43247 17424 21431 30910 -40852 -4249 29987 7124 -19889 43959 10092 -27117 38586 -16666 264 26030 -47711 35140 -6478 60132 -28792 57475 -44903 -2120 29298 -16845 -21804 -36195 47237 -63662 -33051 -570 -7687 -33430 -16724 -17142 -29794 46909 -33145 -781 -35 17712 19131 37388 36088 -33903 2942 26814 -72279 14346 12877 12733 -1375 -40025 -2163 55626 -31517 -32500 -18472 22917 -90782 -4848 -35663 -56916 -24302
19183 30594 -35428 37710 38916 -2270 -41649 50632 -30838 5280 40969 15927 19582 -49697 96598 -25805 19243 42910 -14066 25225 33386 -54003 59411 -13366 19018 -4824 -43232 51708 26807 -40495 -19734 -11559 19435 17361 23468 47202 2469 42249 35 -48109 48212 -6856 -13747 -3731 -22115 -54890 11349 18956 2494 37593 -35234 -36152 93252 13425 -16307 -9487 45573 33483 20540 11178 -3755 77662 43885 -40936 -82014 -18079 -44647 13720 26437 34215 35361 3814 -22119 -30262 38603 18203 45953 10794 7492 22522 -10663 37472 56134 12878 -7550 -90988 48737 52746 45262 24421 -34042 -10450 45011 5108 44413 -35629 -14888 -61091 24844 17226
991 -40491 11630 -38096 -14537 19633 -33698 32487 -1852 35670 -71907 -36518 -7541 22898 12055 -15789 2781 10430 -1792 -24514 14506 -17157 -46059 19699 -11470 -50413 -18492 -3687 25813 12916 1782 32471 29419 2753 -42299 -35318 -8937 12031 12459 850 -20098 -35291 12848 -15851 35227 32217 13994 -5479 4858 -30093 16358 7837 1628 7184 -59113 -1944 18915 -4924 3826 -58468 20689 -74839 -9858 36313 30813 -42241 28759 37260 -29331 -29719 -64430 3181 -28639 33977 -52579 -19407 14081 39692 3446 -43447 -44812 -27503 -2905 -10232 -10125 -20970 -6814 13486 18229 -24213 -4175 -54030 22979 -11534 3073 -22772 -32296 32862 -20565 -55223
27431 20310 32582 -1744 12278 -20986 40092 11309 -9826 95190 8683 -56222 -78209 55461 39054 -75755 -20398 -16196 53893 -53190 43832 -13587 30699 34044 -42599 -66954 -1273 -5332 -10706 32437 14343 16985 -4710 -37400 20729 -7733 -6595 41037 28909 -34872 -5960 895 -3174 18404 4701 -56056 32886 -30860 5846 27705 -8048 73636 -22554 -25141 -49236 -22657 -23008 -9367 29781 -26913 29902 29435 438 6142 -82017 -36431 -32499 -12446 55668 4369 45039 -8291 5706 -34377 49692 -11233 -706 14556 45624 62284 28135 22306 -42712 -23695 20120 -6334 -29271 48441 7994 -4699 -60828 17564 -16899 -23662 23382 -4436 -10410 -25548 -42032 -37754
-94202 -2150 60471 -22881 24892 -19217 -17482 -26431 21044 -5231 -44578 26881 -6470 -7937 -89875 37779 5836 -29746 -9629 33120 14366 -39919 -15592 13840 15264 96919 19988 58444 -5560 -67304 -19584 -25382 64060 71620 -25610 3262 -9062 -51152 -4169 -25590 -33485 -22844 27903 37166 14182 36239 -30226 14608 -7723 -4694 -18926 -74349 -24602 13958 -13029 -44395 -7219 -10972 46687 5608 -40409 -2664 2230 -16563 -25319 -25344 -1615 29611 6589 -20643 16584 -28639 51385 60612 14225 1494 -7340 7536 -35184 31931 13406 28345 -37932 27842 -19264 -42914 -3695 -41682 -25892 -33700 17721 -26058 -69506 2808 -6470 12758 66446 50845 -407 2398
18252 -49990 37303 17853 20675 7774 9428 -50636 -19497 -5263 -60728 67227 8969 -32466 28626 73029 29126 -28817 61844 -69375 -45249 38884 16066 -7190 32656 18169 -1757 -44416 26856 -1707 -46957 -10566 13353 13266 25286 21227 10836 9674 -42135 -52906 -15273 49792 7520 27608 11653 21670 -8950 -16511 9930 -98733 -11475 8981 17124 -44895 14198 -50941 -10706 18152 80787 -15174 -15442 -72122 28974 56338 55206 27883 65729 19689 52820 -30231 49270 -8339 18429 -36602 47870 45393 19106 -29733 -24131 -57837 15265 -12873 -32136 -54327 36779 20345 -44406 -14952 65092 36974 -14828 25745 20840 44429 15148 95087 -30070 14833 -3622 49166
-26579 -12746 -79295 16207 34360 23088 -3834 14341 7397 36867 -59662 -14732 36487 16379 -38510 32818 8847 12801 -43868 63040 -5964 42666 10189 -2688 28823 23081 -25521 -35534 -24147 -10026 -6630 -55985 16650 -24929 -17240 -43302 -12274 1565 12856 2554 -950 -43318 -6796 23347 35730 4075 -56485 -41 34611 20628 -38390 32650 -1447 -10583 66888 63036 -43851 -33559 36247 5351 59328 33527 14240 -3415 6997 14634 23051 -32072 19949 91206 3599 -18256 -36827 19141 -11844 -108745 -18082 12915 -32546 20072 38188 -9054 103175 3857 -17510 -32773 -14749 50152 -77095 -24057 -3342 -15641 -28635 11551 39396 39286 -9423 22839 3175 -8226
-25526 72286 -6333 30415 -26032 5467 9503 27294 -5180 14914 25101 -15721 7713 34528 48888 10728 -36162 -16293 -19708 -21849 -8521 -18261 23535 16928 -9035 14187 -4217 -50429 32382 -52715 13276 -37533 38326 17169 16224 -9498 8576 -8813 -49333 -30866 -12402 80547 53547 13701 -57380 -3690 -20804 4541 21263 -21558 8858 17929 -21318 37341 13205 -75869 -1479 29628 -34145 -39938 7221 33490 1307 23819 -8590 1754 -24664 -12972 13905 44295 15226 -14681 30141 30920 8693 -43280 38002 -37785 -17805 18855 -33054 -24858 65238 -19971 -16424 6998 35446 25832 -35377 -92163 29581 64372 1746 -9174 32237 16642 -26474 29221 -45397 65862
-7708 -26319 16840 -32445 5478 -9305 -2157 -26645 38204 37004 -28843 -147 -20287 10050 -16082 20180 1012 -11505 667 18593 -9011 -35527 -12237 36087 -21786 -30828 -12272 12184 1766 -40255 65502 42089 21877 32568 -5060 3685 34614 -8383 6317 -16421 37395 2479 -4742 -26777 48252 -18348 18479 13322 14062 -33904 21040 -6768 29736 -19452 -14432 -30340 6844 -27166 -3144 -32543 -27640 -22547 -235 -14987 -9271 8933 31363 -72 -694 18369 -53299 -31158 -40012 -1692 26753 19462 -10645 6269 1583 -991 -37701 -53500 -22091 -39543 70752 -17963 -33404 16208 15219 -5695 5979 -32019 -55077 19620 62271 -32070 -2305 12107 -19207 -26188
-479 -57640 -7188 -17106 23783 -18042 -41791 6409 48610 -18552 38403 7428 -204 44800 -18989 -25813 21944 -22516 -3598 28506 22010 -111084 -77632 33674 1400 49086 75016 36284 21324 24349 -716 5379 79039 -4377 -10930 -62435 14395 23597 -44746 4502 143 -52914 43696 64513 8542 82177 0 -13847 77952 -75646 24199 -35421 29847 -26480 7696 10757 -2082 -23170 31372 -752 30761 -13261 -13379 -14181 26092 -21570 -7435 -27928 32000 -34344 -57690 18638 -10109 22273 -4477 -9818 -8433 46222 13299 -10142 -7985 -49454 -18722 35514 20647 4515 -34005 -28623 -31566 -13063 27627 -12443 -28847 -47858 35311 -8060 -9337 17266 18850 7744
-1957 70292 17797 -10615 4871 34751 -67087 -19058 -56374 42951 27538 10694 -13166 31596 -63688 -9990 -36655 -22151 13189 49718 32299 -57725 -50326 -5254 -33130 -49447 2758 33348 -39773 43624 -73632 6109 -58939 1089 -30555 31573 -32010 -21643 -2170 -4806 30440 10619 -7497 30715 2054 23329 7157 27894 -23307 16196 21357 -21943 -4922 -8708 39787 -19707 5907 2836 7331 -7162 -20320 40361 -5704 -2715 33702 36759 43491 -17446 12750 -32365 2820 -20828 5237 -13709 10292 22687 -58434 50052 12955 34458 15626 22489 4509 -4436 42965 12492 -8565 36616 1356 1628 -7118 40196 -4104 6129 -22131 -55595 26764 -21251 240 -17632
-21834 539 -39976 20716 -19639 -2049 756 61797 51441 -50145 -326 9498 -57109 17915 -24545 82 -33016 -37587 -35798 48105 21239 -31987 -1756 19795 -36798 54601 -16825 60043 -47303 -7554 -8987 -39904 23414 44574 39453 -5298 28530 -25991 38326 -33112 -56529 -24205 16267 -27357 1735 -32902 -6547 40713 -23992 5422 519 9246 -12346 5299 21435 -13753 -27724 33132 -9344 -55172 -4510 8489 -54 23615 -47741 -25195 -47515 6942 -10890 37492 25766 -11496 16064 74365 -29323 -39292 -7007 -3884 39314 35288 -2817 -19589 57405 -13392 -57404 -36501 -86 -17660 -56207 -42019 48780 -27116 -41764 24655 44170 5163 6801 3447 -42739 82694
22094 -16159 -900 -782 -14326 -29420 36350 30047 -52684 -1189 29358 -30758 25228 7222 -33524 -49876 80431 2478 -42502 -7939 39033 18463 729 -7175 72073 -37531 3361 -24960 -13930 -6096 55308 26045 46219 21350 1492 -41790 -3124 -23535 -3491 -41404 9264 30266 12387 82726 -55547 87528 -1436 22555 30215 20582 69761 20087 -26744 -41728 23739 38028 -38686 13965 8948 45138 70631 24752 -52964 30325 44902 66384 20143 -6384 -29570 -16968 -53080 62743 -58759 1234 3851 -40424 -48511 -36080 -40907 -22991 -12488 20515 16030 49865 -64533 -22732 -5494 -377 42775 2657 -45887 48626 5486 -5260 -51836 -11252 27755 8648 16500 21548
41431 -32885 -25960 27387 53185 11629 17971 146 42748 -81830 -9689 -28568 -56132 33190 8910 -39577 41953 -23775 -61429 681 22246 -21529 -16094 -7204 -5162 -41219 -8366 -4769 -3891 72328 55017 -10998 -28619 -56828 -18247 -34905 -13175 47274 -4472 -24466 -46750 -32040 24252 35390 -87989 11392 20037 -9169 51258 -33663 3378 13573 -23917 8022 17706 -21737 -64332 17793 -50718 7204 53706 -96560 -64807 46916 38184 47557 746 -34929 -50051 -62699 -27642 47860 -18037 37780 -73433 -12087 -10286 -20448 15891 -37648 -6145 -25437 6690 7541 4299 -38573 -8710 -43622 -101523 -75317 -20316 10046 12138 17854 -63865 -9213 -24887 3404 -29046 88646
-28686 34217 -25454 12368 -15348 24806 -24556 12691 -66159 19420 -31517 -82031 -37 -15141 1950 24949 -2700 27044 -17448 -10188 22623 9750 16408 74206 -10975 -17633 9875 -17292 -52967 693 -45164 16861 -5083 -4398 64869 33900 43554 -18212 50108 -24796 26514 -25551 -26158 -36721 -19808 44044 56726 -5240 4517 21635 26888 -30840 -22543 -33800 -22384 81446 31380 95971 23810 -2219 3378 -48595 36192 -10079 -30399 43848 8749 1170 28094 42552 37167 -54831 -58730 43421 40324 -37980 38861 -3497 -5222 -3518 -25268 53041 35129 48053 -41707 25505 33704 -20709 -6179 27545 -50674 65305 -34710 1765 48047 1688 -42243 19116 -32661 17576
39667 28283 11658 52186 30938 -53569 5798 232 -17576 -35495 26383 12379 -41390 -37953 -39556 36038 -55003 34760 16276 -17021 -11670 -20524 -16676 -9664 25286 12445 -10829 -12277 -32872 -4295 17950 12490 28708 -24291 12858 9232 -9232 16222 12065 -2122 -28690 -14996 -42107 -70023 17344 -30942 -10024 5270 -76030 -12011 54203 -32013 53483 -910 -21200 -18415 48709 9342 -1707 25765 29592 34091 13644 60888 -74444 -5896 -23301 18494 -38823 14121 44098 3759 -22641 44979 21230 -28879 9686 10140 -28263 17251 -32866 -21506 25823 -36513 -37186 -3775 -8787 -2456 5288 -5574 19231 -31395 13099 32756 30006 40963 1173 47348 -22495 -2638
-23049 -61311 -11479 935 19410 -34106 39487 44283 92887 15665 -41791 -13809 8967 107 -57267 -24211 45330 30121 -38818 73766 7950 -31321 -6264 -70995 -11984 7271 5786 -12470 26 48262 -52216 -5073 23360 -23500 20923 -110354 42927 101527 98147 -32783 -26902 -71335 -35944 48397 7444 -21336 5365 -41535 61378 19126 -29743 204 5155 3283 -1904 -7400 -29075 -60061 3295 73177 40309 -68899 -25870 6032 -55168 8953 -45687 4826 -26653 -38358 -9217 20763 -43922 907 -50473 -301 1854 -15863 12171 12753 24278 -21588 72489 4621 5931 -5362 -20927 -12713 -48314 -43701 39087 -40295 -10686 4892 17214 -52790 -21311 -8265 30910 7167
-52528 -9808 18742 -6439 -36277 -37205 -34476 -55595 -19070 -35331 7976 -31338 88733 -233 7666 -60144 -27336 -2618 -8645 10978 6736 17493 -1926 -55968 18761 -7096 49969 8427 61572 29090 -11250 -2872 -14005 46155 -10749 -21226 -25057 -52759 -74520 6801 32426 -16980 -9377 22375 -47433 15610 -12262 -63895 -36366 -12111 4203 43051 17207 -24058 -48933 59777 -14786 -61656 -19044 45774 39559 7552 -5671 -37321 27027 29751 19440 -63195 4278 24061 31141 -12365 -11210 23540 5984 25680 -18655 -38055 1509 -13165 3508 26061 23880 52478 96223 11537 759 26350 15415 -28962 -18908 49961 54947 -2263 -37268 -24632 -13483 18928 5956 -48945
-36525 9192 -2846 3025 43600 -21705 -5027 19188 -16710 -42197 -1582 -8496 -33884 23808 9215 14946 77225 -12797 -25305 -3560 40486 10122 1544 -27829 88291 40000 43371 18706 15055 -31165 52806 -22093 -10351 -25690 -26072 -37883 380 12090 532 17003 4382 -388 -9741 59478 2592 -14027 -21696 -23798 7034 -44184 29919 -10627 -1117 -47108 22233 -38574 -16902 3567 -40241 617 81700 18599 22125 51967 74381 -33483 34548 -45961 -36543 -15245 3453 71542 -56656 38115 -36789 -2442 -33747 -9061 170 -57926 27703 15757 -28843 -21353 4227 -46496 -1940 26555 21937 -21782 26193 -63761 -6331 42528 -35320 37570 -6250 9139 6782 42708
-24362 -12795 21581 4558 -55247 46937 59596 -22590 -5122 -16601 -11983 -17771 29070 -1243 69049 2867 -27822 -4713 17458 24881 -22433 31779 9089 -2590 2489 22256 51732 -28297 -3829 -47428 -12823 -21496 37323 -21734 -14959 8377 21160 -69237 6007 30877 -34307 23580 -4334 62948 -20532 67971 3316 5124 39526 -31211 29705 -23806 18855 33276 -32817 1821 -28588 -20652 44831 -21974 947 9354 -26123 -27345 52870 9358 2771 -5528 30579 -5127 44808 5696 19589 -25643 -21705 -70871 88189 -5483 78016 2202 -28713 36745 23362 47062 -31011 39849 14556 -28033 10690 -17421 16945 5154 1152 -29081 82913 7115 -26097 -2574 3887 14706
96030 -19249 -2188 26470 -10049 -3701 19874 -27000 5426 -1485 -12887 4358 39838 -42799 2656 35270 -47205 57211 -22880 -8730 -25504 3087 49081 -81906 13762 -60523 -46731 -15374 57382 -22446 -1225 -10070 -34767 -3974 38277 -713 7330 -5456 -58697 4586 47655 -147 -33423 -34462 -29208 -15793 -56573 -42064 -13436 4471 -36438 23937 -15840 23162 -21520 -1092 -38273 -16857 -193 41220 14286 36817 -2517 -28517 -14446 35953 36634 -25339 -32672 34671 20948 6467 -26501 -49598 18896 -5902 -5355 -6899 -19495 17957 43089 -23026 23826 21922 8119 -1458 63436 -15257 -3649 1495 59645 -23029 29662 -26674 -7062 -20154 -50847 5867 7610 -59575
-34047 18480 -22254 18436 -15160 25358 15519 45313 38564 -16893 -5254 22012 -24142 -24179 6188 41227 -41758 -38773 66794 27207 -49397 -26221 -26986 73067 -20453 15378 -81689 22149 -9167 -39308 31231 -10941 13568 34157 26264 47408 -38233 -51436 5089 13156 -39148 -10353 -18113 3663 582 -37256 -6600 21768 58573 -1985 24492 -28432 -34505 73143 7876 5557 -59364 -16149 9870 523 -25546 -5529 -9110 24455 -75872 -14844 -2969 3914 -25218 21752 -11177 5743 45996 15767 -94590 16348 43940 15217 -22048 69687 27149 -12916 -6828 -11451 -17163 9168 57977 -13149 -45260 -16093 33659 27583 -16020 -48308 26129 28667 2029 34732 -14871 5865
35457 -36082 9213 -42625 9386 -3318 1271 -51614 -73790 11061 -3164 -61090 34 60100 -17576 -51825 35555 -17280 38768 11103 -21633 39039 -26529 -6934 55274 4804 26917 30298 44084 21203 -36393 23062 -24637 -20462 -7237 -35582 -38787 -43454 6926 -17644 18239 30461 10344 34329 -6190 -28311 15816 -55267 -11395 11520 -4608 2458 -64883 -37633 -3520 21375 17596 -13892 26121 1648 36207 36045 6172 26396 12671 58528 11401 -15975 42908 24936 -32143 6381 18858 20477 32184 -26156 -40691 44547 -16945 -9139 12428 -1647 -14380 -27429 35879 -48177 -40283 -24694 8999 20491 -20182 29739 29068 -21285 -5595 16123 53805 -26408 -23701 -19123
-12811 -7777 6782 15673 67756 -62434 7744 62951 16235 7994 93928 16060 43635 -60084 36052 -13442 23990 -37819 22110 -25364 -28469 -28220 -11273 -42811 6782 10909 -38835 21940 28606 5201 43012 -55745 -19879 -46816 -50585 28866 15847 28124 -6508 -26483 -27012 34842 46636 -597 47901 21304 20585 16905 -6671 3846 -44562 -19706 21833 64975 35586 15635 -69842 -37713 -14116 -11320 4113 21732 -22209 -19959 -1319 -15762 -7691 -59188 37325 -18936 19661 54606 20391 -35306 -16924 55927 -16429 -38595 -7443 -5339 12793 33039 -6617 -20523 -57753 -29096 686 -7463 39254 56523 43610 -22670 24923 10323 -24584 41284 -25274 -82750 -7091 -39794
21173 -10637 7338 4503 66456 34683 13749 2336 -15620 -15007 -21543 21573 33262 3487 1898 -3897 9618 595 14435 -8406 4254 46730 67234 29829 -43546 12122 1180 -34616 -4628 51898 -27709 -16672 7773 -27368 -50579 -15258 -76687 -15698 -5377 -18421 -54425 65857 35995 13972 -65206 -14174 582 33667 -19253 -31369 18045 7923 32360 9090 7730 23940 -74061 249 -15839 -79863 6834 2477 -51290 -2664 6577 -4128 -72901 4031 54446 -380 67640 15448 47637 6330 13911 -11652 -26287 10094 83740 -3906 4679 47251 -6961 -3843 13348 -11518 -43629 13621 -35023 -67560 -22419 81360 -1731 25567 -30405 61815 2419 -39514 -33486 22089
32175 43957 43203 -25820 -26597 40632 -82525 -38313 -58020 26181 -19028 -15581 5555 43874 -8268 -79304 -52766 -7724 21826 34535 19861 7242 -15150 -5396 -46663 -65304 -542 18256 5677 28890 -27115 -4419 -23208 -43100 -49437 -65682 -31979 -45170 30427 12413 -5835 -13513 -1451 -10601 -31091 37574 25943 -24114 -17726 61810 -10229 -35162 44554 36817 -17712 14516 51436 66252 -38006 -5322 -56662 -3299 37010 -10569 -5299 63437 557 11703 31212 -42 -10891 -9338 24132 12100 2060 -47691 -7189 82661 -3814 18249 754 -2975 -20619 9914 -9995 13867 -23176 24533 -8788 -52118 -524 53888 17638 -10350 46040 -62970 -15780 -55178 -5108 -32897
-1792 -10236 45107 -26542 -35363 -10049 27383 -24142 -5344 4843 7372 -48807 51564 53863 -30749 6674 -73691 5608 -6878 -14200 8576 -36990 -56844 -10062 -25204 -78401 -57845 27912 -43730 29977 -35184 -43652 -18219 20592 27785 -46956 -20869 23771 -46997 54480 61057 -48400 26644 12870 27496 3807 -10573 13515 14186 4887 23741 -3997 -488 -39972 -26731 4637 71783 24488 -15398 -1447 18055 -35407 23145 -37231 13550 27665 -47152 7680 15929 16386 4217 -26014 -938 30608 24663 9543 28939 -19372 29296 506 -92439 -13248 -24749 39899 38235 -5258 -19848 8492 -574 -52805 14181 19021 72420 -26802 -44942 -47933 21849 60787 -17387 -53175
14663 -3551 96606 -7427 35257 14958 62941 -5249 -34308 -9952 -10659 32229 44415 -32123 67691 -6141 4211 36987 16399 -3800 -51726 6027 28731 79712 -3908 -43452 -15587 -51156 39500 -28957 -15279 -22430 75199 9810 180 80098 48461 44760 34178 -29940 94697 66230 -436 14406 -66006 22839 -34085 68526 1313 -41255 -9370 -31090 -30418 7222 -14600 -38825 -52142 -32316 20045 -8557 34375 6525 -27581 -55799 -22960 -36851 35115 45822 9016 -43377 -22484 -25882 6920 -45502 61175 1796 12134 -20554 1375 17490 -25038 -34965 38618 -52189 -6853 -9927 82737 -37798 -2078 44443 -5823 -14267 13198 -43909 41519 11367 -7535 -338 21728 -35242
-44850 39272 -21984 -26776 15247 -25393 -8778 -46536 989 -14373 -5513 -18608 55824 35666 -27583 -16521 -42884 -3308 -75039 35067 -30019 4255 -4171 -44753 -41157 -13641 3608 -33551 -19737 606 -8558 -40449 -43379 -48584 -13615 -10745 -53075 -13499 -24537 6717 14457 37523 -10978 780 -4881 -16201 -76538 -16944 14882 43888 -14648 46088 15048 35058 55693 -19514 9184 32582 14357 27190 24674 -15832 -35293 -51405 18493 -5090 33933 -10396 53296 10588 37683 16193 49820 -12002 -17454 -11443 85641 -71182 12583 19750 -44494 -479 -5566 46122 -13198 59506 6379 36761 -24725 -6305 30239 -6144 -4771 26228 -27508 10166 -5284 -43031 -36984 8260
-8424 -12083 -846 21315 -44155 48252 84369 -23796 19305 18140 -14171 -15183 -14981 13780 5346 -16281 -57757 -22868 15612 30029 26607 63443 -31543 -51964 -22634 -32045 7182 -5314 -45523 -15208 37167 -8534 -68382 -20023 7832 18359 -17234 -15813 8294 26788 14913 31066 -16444 -31203 -40639 -4440 13649 -8530 -2533 20013 -4029 -13036 12724 22437 69891 -80134 44600 -15529 -411 25989 10153 30755 -69488 -63680 -6201 17039 -9358 -36489 10912 14226 -6042 -3895 15684 -47185 -29580 14322 35313 -10515 27464 18067 -23148 34086 5894 16194 -1499 904 10721 22614 6654 -6362 -12318 -41638 12329 -31930 -14138 -22041 -18613 -42259 -15285 24244
11732 4295 7482 -60413 -7320 60968 97255 30798 -37325 13648 -4097 -21919 4744 74788 -16254 14162 44840 -37227 14937 -14636 -7470 40919 -6853 -40243 -34169 -8983 -24138 15068 -55553 -67063 17877 63817 -56272 -23893 -46037 -32632 -86854 -41914 30559 5548 -26024 42749 -23722 33894 21866 -165 -14682 -29360 -18871 44876 -68961 39256 -24649 -5635 -17818 -24345 -20731 27784 46291 -35355 75217 57747 -1368 -2630 14954 46626 -10717 12031 14955 -21519 -3954 10542 8103 439 -20485 46884 355 -20095 -41000 -16722 -43635 93921 -4230 3814 -17856 -39060 26509 -31138 30720 -37553 -6383 9379 9748 26230 -35127 17117 67551 -38241 56133 -14409
-381 33133 12472 16856 -62866 26001 -65115 30441 -1046 14416 -7499 39267 9200 3654 36407 -4872 -13301 -26528 27241 34580 2761 -31505 19190 -8078 -50774 15740 -8417 23961 7300 69025 9843 -31726 35154 -2927 7459 10307 9088 1181 37527 -1386 -45556 -37273 36615 -15053 11593 11636 -13365 64674 -70743 21239 -13472 11293 11777 -30004 30673 -25030 -6889 19430 -50973 -82847 -19979 -6480 -12442 7245 14455 -52917 2101 11287 74274 -44147 6151 -37037 6053 -6638 65596 -12286 30041 -7820 -22734 -39969 11989 7905 -98112 -7834 5931 -19213 -88178 -11301 26622 6082 -73539 -18990 -31244 20239 40538 -16959 -20174 -27784 39336 27250
-11339 11712 22841 -1403 -4843 3088 67583 41749 39559 26639 -1539 12216 -21915 -10166 -25418 -8603 -27245 -3985 -12733 -33033 6720 16841 -3007 19314 -8553 46882 20407 -19787 -33347 -15269 -19502 31488 -12788 2519 33373 53328 36113 -57680 51958 -12351 -31997 19825 45720 -31656 -47002 10766 -17897 -44603 16629 35069 -2885 -35474 -16159 6290 22229 -8790 -33224 -2363 44708 -8583 10424 23650 26583 51289 -41451 551 -46296 16445 -12906 35155 -14456 -7369 15621 11019 10084 -6230 -72258 48168 5192 -15733 36333 45376 51315 -36975 -90395 -23654 39500 -29395 37892 30479 14750 41727 -79293 -34419 22237 30754 84486 20260 13327 -17113
9293 -30746 -46434 21 41257 -64062 33193 -44262 31229 -4861 -48794 -3074 -24263 29797 -54886 -33707 48486 2781 24189 -1702 -28243 28147 19361 35163 22616 10359 16664 -3539 1188 20485 53249 20914 67797 31131 -77193 -15084 -11543 48604 16089 -2489 -42127 49893 -49248 6880 79467 -36306 -12810 -27662 69635 8665 15055 835 -63081 41582 4648 -3582 -87572 -110585 -10785 47703 5543 32021 -24857 -16668 -36013 11601 -42109 11335 -549 14501 -31495 75699 -53362 36461 15826 35904 24874 -34010 -10359 -42562 -3324 -5181 -19361 -19248 -13478 -22360 -28130 5909 297 15393 -8419 -45501 -15997 7856 -43330 38396 -63008 32644 -22403 35512
-2663 14564 6318 -1146 70872 -29161 40840 2885 23217 -15702 33028 -45797 -20714 -17969 -47306 -10660 -40344 22314 13895 -5219 -3974 -28245 -2655 36196 6717 66086 32913 24684 3911 -72001 -15903 34837 16200 -1746 6228 84890 11332 16582 9052 -19019 11459 1170 12726 11691 -27593 27990 25417 -37407 41796 16499 57385 -30537 -92869 9634 -3671 -18005 23128 14148 13743 -13706 -22190 -22115 22838 -32588 72896 -24614 -39243 53992 -4278 -17848 -9831 -63968 52189 58367 26606 9829 -12396 -12175 2904 -48097 10666 26884 -43657 -56122 -13464 -14634 -1337 -64 46264 63889 48256 -16232 -75099 39988 -35402 37894 -34365 13012 19044 13389
-55420 -952 13670 43287 -33649 14812 63965 -27711 -10821 -25816 19610 -21973 37628 24626 12465 34728 16861 -33828 28865 1202 12170 14905 -27963 -101212 -6443 42405 16194 -61090 -19159 15496 9963 6372 -6928 -47331 5311 -40756 18912 -47176 -11518 4130 -1287 54543 18192 16127 -9943 42690 50225 -16119 -31632 -76675 18485 -46874 56799 -58732 27049 -50225 67473 64278 16883 37170 9211 -5470 16380 -10634 51148 23925 -47457 80 25330 33345 3255 73694 321 -5316 18514 74217 -8130 -13154 -45645 -4482 -6226 21979 -3724 51562 24481 8608 -60411 41247 42817 -24871 25069 -7862 42918 24423 -12098 4436 41556 -21602 28934 46380
-77097 53962 29707 -42241 46912 -56509 -9129 29568 20742 -19101 -8727 -30580 22111 25165 -36307 23982 -59739 11235 -25853 3765 1774 -88206 -55834 -1434 16678 -3172 -9310 9920 -51728 12520 -29216 -3333 70004 9170 -32752 20476 1950 -33959 -67298 19216 56760 7965 -9321 31382 96844 12485 -9529 1859 20099 25374 34405 -17865 33106 -51459 -73522 -46868 -17928 19815 -6534 -6019 63614 -17170 44861 -21081 -12847 -6528 33513 17044 28596 -35215 7591 -35519 4943 37518 55687 -15861 -8934 17435 -14637 -5716 -7694 -18279 -38973 24698 16986 2647 -46492 -1368 -8875 7620 13501 -22863 -10578 -37438 -17701 -44160 9877 93078 -11710 -30693
-8116 54966 -80016 -29845 -37158 57737 -81206 20155 859 961 -56774 -20294 12067 -16088 30717 20876 18324 1982 -42443 -37767 10729 -19071 16098 -37590 11641 22195 -36648 26297 36724 22783 -20161 -10936 -79162 -33622 33037 -54825 -58936 -39559 26438 40973 15740 -47864 71105 -76480 16037 -42596 18144 -28669 -7148 34533 -43755 33324 -11098 43932 -35153 2985 34614 13011 -36186 -6519 -37182 -36702 29110 -106 17799 45173 1347 -39005 -4102 19197 -32726 20731 -8718 26936 5149 -11199 25184 -19277 -14112 -15443 -8931 -16909 -14840 29773 44185 -10990 -19076 75880 -4746 -69908 67593 -52590 28761 44042 -24930 -16973 -4977 34125 -22212 -30778
21586 36531 10291 -17754 14544 -56022 -43076 -9090 -20013 21127 1565 21122 -50310 -16521 -120180 34673 -65337 -50713 -21214 32531 -607 -39448 -6662 38219 -29857 12304 -6165 37453 -16920 -16281 -33288 -8393 22707 72302 -50224 -7813 -81565 14371 -29900 75802 -27604 -19388 -6447 -7815 44840 -28420 -12341 16894 145 41924 -25045 -28585 8912 -18950 10019 -10682 -2657 -10817 -28329 789 -44068 73369 -32762 34309 -72698 -7573 25615 -32017 1153 -24038 15 -9435 118 41801 49714 9805 -12742 39776 -48891 10649 -5513 -43825 6935 17446 -17316 -2204 2199 -365 -31542 -21418 -42747 42838 -63659 -25371 38874 -9910 -38062 36708 -69423 -32090
-10757 4622 -26142 -31609 -17308 -9553 -12251 -14494 14431 1644 -27438 -10968 -31154 -11441 -45068 -34968 -36659 43597 2269 -37634 -21137 -26053 -54988 31779 4963 14449 -7226 -10456 -11592 -8976 29437 -31342 41581 23978 -32209 -4135 28754 25720 18183 65322 23237 -3800 -3797 -12881 23268 -9135 -11013 -199 -29544 16498 -14180 -8186 5954 -13825 34074 -22717 -25972 -19528 8429 22638 1643 51999 -48503 -36442 -38931 -44813 69302 33432 48498 -9806 -24930 -66971 -13997 -17062 51215 -9805 57389 56376 -44091 -5826 -6259 -24181 -48971 -32631 8040 -24128 -48654 60421 -69600 -32654 28292 -15046 -40177 19741 23427 -34217 -42894 -36240 49528 -49909
5535 5063 29636 4042 -18326 14029 11744 -9302 11490 58027 -8170 -11310 20741 13819 -29433 1798 11344 -6125 84933 10030 20657 4525 -42167 -29164 8126 -20205 -14916 4974 22414 -8375 -6354 40622 49693 -24154 1365 -4971 -69691 3439 -11060 57137 -6225 22874 -18368 68494 43794 -5021 45501 10699 -7745 -11132 -5734 -29929 -56168 -50773 -18229 -20307 15652 -59449 58958 60330 19646 -28247 28669 -23778 76185 16821 14604 4234 -1573 -56982 -9574 -912 6465 -36197 3410 37432 18335 -18449 -41777 19305 -24572 28713 -65881 -27562 -16023 102 -84695 -27435 1391 307 -21660 8054 22599 -19293 -76539 -26366 49147 84045 49761 -49562
33241 -27289 39732 13565 6470 -24750 2146 -6016 20817 -5924 29804 -49910 18058 15873 15588 18372 4737 45340 953 21572 -61256 -22890 67532 -35255 -76377 -21581 8020 21486 29252 -51547 -5225 -4076 18241 21292 7144 6857 23041 -10562 26112 -10210 -10693 -475 18536 31313 -53601 41607 -25016 -2598 39363 -74922 8303 -12951 -17930 53358 -13076 -29264 -31279 9162 -33530 -77274 45670 36442 9452 23209 -39238 -65236 -35247 26461 -9917 37038 -32370 -956 28712 25233 11215 -40431 -40417 -17563 11645 12487 54022 -32065 58506 -4160 -15276 39887 3367 -45296 476 -29085 44761 -8418 -33840 -26605 42062 -22315 5928 -8540 -33315 -8323
-6527 -65584 27218 112089 -36259 802 46407 -27796 128627 -35758 -12319 38718 -26920 -264 11310 61120 -10330 -13209 13022 -6083 71476 84312 -28626 -12226 23265 42096 -39243 54352 120268 14384 31733 17798 22080 8780 18221 13411 46796 871 -49582 10017 16793 -20321 -23177 -11983 17968 -45511 40199 15547 -69874 -18368 -21714 -4613 -123597 -9815 -24982 45917 10929 -27841 54666 34760 -37497 -77104 -17366 -85407 21893 -82610 17086 -9608 -57380 13665 16422 -16753 86400 44232 -75245 50349 -23643 -8952 3133 8572 16350 36669 -90445 -56262 42631 15637 -28262 -16617 -2835 -27110 52541 -82638 -21514 36072 -49349 45601 -50233 -32784 63579 11181
26023 -27363 -21253 30763 36785 13118 -4654 -54401 14295 -51559 3545 9526 -13165 -4532 -1627 -23047 -17839 3109 42119 -4926 28612 -22183 -43415 20284 31739 -30549 1896 30070 28688 12852 36553 -35419 12713 45031 -835 -21681 -30440 -23799 -71010 -6709 3412 -6496 43054 10301 3275 -54716 16045 -43125 44416 -43906 7448 -1204 13924 1680 -26057 -18345 15545 -70970 -19433 78562 -10468 -7749 -26232 -18604 -13625 74712 -20087 -85262 -28139 29643 -34873 12941 -894 -39060 -36183 10123 36567 18004 27675 7639 -46079 -46444 28414 -26248 79648 -9637 11952 23236 -7983 -50951 -9159 1102 40673 -13527 -25829 -14444 20543 82778 -28156 15662
23769 35910 -48057 -17677 -38451 -52722 4186 -34563 58667 3097 30624 -24883 44987 -14558 26376 5188 -9438 2945 8273 51888 -60184 9493 89451 -8507 -57678 -28085 -22802 -1174 6992 19116 -54317 -25864 18681 -79236 65823 -22328 -5886 43934 21734 27116 -26251 -19758 -15917 -11696 1812 -63280 82231 56969 17340 15105 -67378 -47828 -4857 35416 -48530 18013 -49196 -40934 13854 -21464 -47118 13557 40421 -48843 7732 37090 -64339 -50600 40148 -17807 22425 5991 -11909 18083 47127 7091 16713 -21507 32212 1701 -6712 -7069 10654 14639 8475 -17343 -30967 -42905 -25862 -1589 2304 37360 104266 2254 33645 1318 27475 26712 -4423 31903
-37189 74808 -13311 3414 -43572 12742 29834 39384 154 65277 10242 2807 45050 -65246 -9872 89228 -4952 89700 30616 -27091 -4167 -12810 94585 -91742 -4221 -44586 50164 -60142 -38104 10179 -13149 -37756 -8793 14643 3857 275 39663 -48 31154 -71317 15733 16347 -15322 -34151 3716 9384 52742 -35424 1679 44279 -5455 43769 50135 45749 18836 -53705 -26225 -24039 -40453 29857 -10765 21863 36061 -30512 -51848 50802 -38764 -890 -57048 30107 3057 8849 -39543 -51531 43526 -29615 31702 2369 21571 39970 40403 -17320 70838 -22094 -56083 25792 18063 -11926 17880 76422 -1212 2243 52649 -34157 -13660 -24146 -20580 42617 -57551 -6787
-14030 15932 44852 33869 2182 11497 6706 31651 -5379 -2691 44773 30139 -45570 32572 47849 -5912 -2240 -9218 24494 -6653 42388 -18706 -3759 -37116 -20737 -4412 71181 78150 -5312 -12075 32838 -58285 -39967 1913 -45854 47698 -32518 27483 -5142 -35971 -23456 -13027 -4171 59416 -44445 -32374 4428 -17682 -55377 7019 -27699 -38694 53838 -287 16824 -101429 -10237 -1808 4886 -12167 -3746 3321 34369 41432 -23725 -10282 2403 642 -26054 26470 38692 -11063 -34874 20481 20005 -17077 1632 36691 -15448 6297 69977 7630 -13520 -10548 -14966 -45678 -68060 -33199 -15374 -38317 23818 17382 -40695 -36219 -49777 -56928 -35749 12993 26489 20793
-27018 24292 34960 45501 -50833 51087 -2715 9692 -9121 22179 23730 7972 -26517 -22811 -80493 65685 16403 61570 -53255 61274 39165 6655 46468 -71767 11058 -13184 25099 -20745 -13982 20540 -14740 -29522 18329 15078 -29023 4549 23431 -54678 21163 12207 6257 -36383 -37814 -6925 -43848 28373 43820 47775 -51033 41628 -24118 -7531 41831 14313 56172 1449 21717 50245 -21051 21533 9799 37944 -22001 9193 -33809 57152 3884 12605 -61961 -28329 -3950 -4016 -3356 -1916 24797 -21753 -20081 44669 23844 77567 60507 7457 -6765 3729 -42610 -29855 22197 -15971 -120828 14484 -33100 44409 -2360 -4036 18906 -70501 16462 -98565 1783 21974
13335 52030 -36744 7559 52933 74238 -52614 27575 -27652 57156 -59234 -39053 -11954 81500 21394 -20266 -16602 -61790 -35491 12388 20906 19043 -7387 23117 74128 -45872 24613 45097 -42298 60101 59150 -21757 -70644 -31288 -49346 18135 -102916 -26724 -10505 -21068 -19351 -41388 17168 -9387 42260 -52606 -48477 -49340 20345 66349 -25818 58616 7415 -42891 45064 -40442 -25153 37615 -57432 -45048 47897 11638 -17143 32522 -43363 53786 48128 -32841 -36947 -4871 -4981 21602 -44258 8849 51083 -53411 -19084 29295 28380 -40636 14053 -30290 -12673 1993 37068 32522 2176 -10009 -3777 -36704 -42251 12501 -47176 -16790 -8933 -9778 -33219 5320 -33071 -31970
-41176 -819 -28842 29566 -8819 5153 -13466 48472 62557 -29520 2809 1266 34015 24759 4747 -40409 -12872 25165 -56604 46313 -8669 2594 14457 -35029 -66297 46511 -22327 31617 -30086 -14620 -54006 3800 48974 19445 50541 33199 -39436 42023 -17476 -30640 9797 -3362 -14973 23839 -11117 21036 -19073 -3545 9390 10437 19745 -25814 24457 10095 -21261 4695 28917 -1296 9549 11384 6858 65154 58561 -3682 -11089 -79532 -60844 29100 -60377 -8148 -45390 4493 45765 50456 16623 14454 22420 -18315 -15657 -6283 24083 -4467 22033 -945 -37006 -31116 19118 2003 49118 -10962 18177 -77067 3667 3225 -17380 -42446 10938 12463 16255 25947
33654 -1601 -57561 -7696 44769 -375 -21201 32475 7683 -47446 -12117 -16688 26996 46303 65456 -56753 31250 51977 -8652 -40703 -35467 311 16363 -32376 -51834 -4495 223 -27672 15327 -27990 40481 -12717 -18120 -44790 8494 9073 -47046 16887 -3777 -10117 -21730 -4120 9131 3399 -74257 -48520 10222 -39948 44772 -32304 -57725 16434 -12664 25883 -11098 31932 -75975 9790 8840 26229 56057 23196 -19975 -50302 23390 -19224 61036 -19966 56403 -6809 22806 -13336 21121 -43358 29591 -36494 -7418 -22496 -15940 -40514 33536 19738 5798 18001 15165 21080 -7654 -34667 -10700 -43116 12984 12647 3162 64521 -10405 50125 4021 -15891 20448 42264
-15796 12844 -63537 -36297 -91315 34296 -15419 7531 -8649 62446 -7798 -41360 40458 -14710 -98448 11367 26968 15521 -3186 9383 -6001 27751 6159 -68853 -11961 -57795 58200 -32758 -9345 5731 27232 24594 -47518 -12850 -19272 -44838 -23875 -6535 32317 34455 25783 39428 -25692 52395 33916 32711 -9613 -21639 -45740 44013 -26238 62736 -47244 26444 54556 -39288 -28969 -44587 24167 72976 -32107 44934 -53628 -100513 34756 49265 70498 -1875 2319 -31315 8644 53279 -46022 40796 10755 5687 58820 -19208 -23755 20267 15345 53214 -28875 12167 -8588 39631 -2542 -3603 -73547 -10348 -20111 -43634 -10804 25333 -47444 -60345 -38018 -46314 33552 24944
27131 -23752 -6478 32888 -10668 -37775 -3659 -44719 6603 23191 -27024 18973 -20771 58839 -3539 -19071 -40629 14599 1107 -28084 -26869 -77844 -15136 -48783 53118 11528 22685 48379 -21677 13972 62038 25396 10438 -24932 -19516 -33240 -18573 43026 -22618 24859 -21415 -105105 16755 -29968 17686 48564 55459 -10865 1864 -39232 -7872 -49164 -1347 16524 -3059 -4706 24160 11670 15391 12011 -21558 16937 58595 -9044 44189 55179 -10838 28233 -58739 22010 -32558 40016 -32349 30121 9939 36409 -28003 1886 -47821 22900 22250 -15559 -19105 26394 47148 -71422 -26515 49994 29059 -39549 58865 -45233 69386 43573 -26063 10453 10016 -10484 25950 -33298
-41269 43591 51823 14077 43850 155 -4230 25338 15788 -16426 -20583 36259 10258 29702 11018 11876 -1231 -62046 -4605 15195 -2063 14637 21433 7922 -10681 -21588 22688 -5060 -15901 88790 -38873 3821 -23933 11344 -42262 55190 22050 12378 18038 -17914 -50557 -16665 24383 -54661 -27708 -11777 -74868 -18019 8673 19000 -30768 20522 7870 34295 22879 7732 -19010 13362 -79545 -71126 26194 26528 -44820 -28268 -36033 -16638 29292 13592 47611 31097 44472 -60089 -15088 -40541 45858 3505 -7018 -72565 10617 -20621 4960 -7079 20223 -6850 27934 56464 5126 29156 47505 -58932 -4570 40169 -14218 -4995 38549 48220 -20715 -51787 -29196 -23095
88350 -49435 -5802 -4060 -18388 5367 -27062 -12446 18352 -4177 43182 37957 -7570 25942 -71811 -39303 -102239 -33198 28957 13403 -6079 2114 -30222 -17004 -80619 -18702 -11413 -10332 -3990 4362 -17980 44021 12539 11571 82034 -69530 50920 38590 5251 27090 -71009 -36950 41787 33323 -48098 -21975 1601 18576 -47388 8708 -13998 -54676 -18542 19581 -3529 -25946 58141 53476 -31563 19535 -63578 11805 -20865 21474 -8680 22011 -22775 27537 -68718 -17211 -19648 -413 6678 39936 -47017 -2448 -7529 -18692 -30130 -46322 -90647 -35884 32753 -44616 -62092 9708 60726 -38344 -15050 -35293 18433 -23821 -6234 -34309 43119 -48092 -2392 15725 49379 15006
-44916 -40969 -27142 4033 -31092 49566 50095 15575 38754 1890 -11138 2945 -7819 57429 12283 40746 15345 -8788 59243 -36365 8199 -32774 -50017 47746 -2657 32654 19855 80931 26383 30155 13253 28116 -11675 10928 40083 48622 -33304 -76683 13470 -35351 21208 1875 -29725 3285 52739 -19003 48665 -15910 49788 -23673 58864 -868 -13586 -67333 12318 29243 12441 -28569 13318 12534 22580 -90885 21205 -5477 -14901 790 9657 -7234 -21435 5420 -47676 5434 1308 30852 27722 38957 -9565 2957 32655 12005 7055 -15174 -4382 -12662 71806 16296 -2362 -48373 -397 26230 81949 -34460 -36335 -54598 5921 28082 26738 57868 10013 12327
18417 52920 48892 5955 -10267 -25109 -8251 25682 -29532 8645 2653 78465 97226 1538 35942 -29331 15173 23647 -64540 -11776 -28440 13075 31279 -15527 44719 3973 16589 17453 -46445 -15096 10616 1367 15991 36832 -9612 33315 21737 28697 5312 -7298 -11555 50505 14056 59449 13936 29894 -36863 -26078 -35201 20109 -40329 -26830 -7549 -21094 83454 13004 -21986 -6674 21722 30603 6125 52259 -7177 60278 -43489 -12666 15688 16623 -7799 -5155 -9782 15114 20645 -16281 38271 43152 28023 -11956 -59943 -15748 -6960 -1902 -6126 -38262 -16246 -10868 2373 -25223 26109 59477 -32131 35727 6630 27890 -19311 17167 2009 -33491 33888 -22740
36152 10223 13627 -14553 -31115 46750 45874 -32496 -50994 -7438 -37911 46952 -23387 -4017 11328 -37877 -23062 -91293 11343 -47865 -39731 49613 20072 4639 22077 -3578 -27794 38034 -3761 -132 33793 53149 -82432 -1743 10658 12311 -14087 -42626 33428 -15904 13 12695 17645 -6228 1234 -30637 21488 -10444 -47536 68718 -11470 6600 -68346 -40318 16163 48937 -26386 14526 39691 -71560 11544 -24163 -76962 -6374 -10437 50242 -10364 9230 10510 10963 -13747 11290 -5251 -17104 -2680 -24762 -41552 -16706 -5296 -52988 -40007 33789 -21792 -4180 9112 -12206 30756 -7972 25529 57733 -41940 -23899 24020 -42655 -11541 21249 -13594 -70512 23967 -45200
24343 21 4450 68982 28058 4773 43530 4506 14382 -12321 48370 20055 2976 58048 98961 -13557 -31070 3055 -34567 36093 -18484 31226 1910 15602 56125 44058 -8479 -20639 -28117 -51570 81332 -13589 47494 11518 2619 39941 21435 -16783 -17894 -35636 -21292 18120 -56136 18250 368 18567 -22640 6789 -317 -29799 12787 -22112 2003 44107 25367 -35294 16120 -10161 -3192 -4770 16259 85133 -33549 -57430 4176 -53983 -72278 -2113 -52042 38139 -3060 -16147 62583 -27539 7396 -33128 35920 11529 52523 -18157 15134 31591 -2199 25107 -48312 1015 -16466 -55577 10562 37782 -47622 -80455 24442 -9402 -4510 -18195 6968 -65183 6108 583
53856 -34008 2199 9184 43196 -37532 -42408 -43122 47464 -21470 21468 -4055 5025 -794 36931 -28612 -4634 48810 -4473 28295 -38426 -6965 10965 28688 -74557 -12565 27810 -6838 62939 -15050 -2152 -24314 -5534 -43433 -12255 -16474 -3752 50920 2641 -14039 -2220 11275 -3255 -53759 -11672 31252 -53771 -9202 21086 -16270 -13784 -20328 21295 58782 12201 -32982 -13932 -39823 -14884 36020 -5281 -30254 -3506 6784 -22834 -11834 -4097 -53706 46817 -44812 -19682 -35921 -35638 -58618 48848 13758 8236 -37383 -30538 -23247 6288 -8049 9918 -44337 9071 55622 -53541 -9313 10302 -21026 33600 8481 2326 51469 54055 1091 -7688 28722 28680 -46242
44705 -9873 -4202 24181 2372 -27879 -45445 -40177 -7484 -15163 1138 -35130 -10340 -30204 -9567 -2465 -33892 78095 -18130 42445 36333 72107 36733 6093 -53667 -79766 -17781 12539 48841 8568 -88083 -36035 20736 -17786 17504 -23638 6600 9369 -27558 34736 27126 -38315 12409 -48637 -262 -34370 -16530 2050 -4799 13210 -13694 17546 20308 -25149 -97789 38760 61026 38879 -24867 22272 7948 -24645 31038 -4079 -33252 17557 -5356 -48234 -45872 35962 -11419 -10805 -37755 -22645 26578 -50895 30000 -30556 29562 282 3478 -58161 39722 35134 3594 34489 -17205 35484 19830 -13584 -40547 -21662 -8325 -21418 7691 -86939 19121 23654 -35470 -19156
-40487 35690 29462 24214 33292 7689 20540 52542 10599 52814 548 19267 14211 23564 -10653 -6915 12181 -48203 10778 15502 -11204 17812 -14222 7179 7513 -4423 -74801 21189 43668 31991 5988 13892 -33570 -34006 26068 44681 -47858 -3817 -35944 18666 4235 -26802 -3748 84712 35449 -13721 10614 -15205 36474 6593 -21432 581 -55940 -19544 -4115 3751 -56091 -50142 -19629 -36981 37436 -27688 -19881 -24034 13077 -24160 -16084 -50509 -15426 -7512 -11316 24763 42192 -5084 -51401 36028 -19180 1042 18877 40609 58068 14147 -41319 4122 -18335 -6833 -2562 -21561 6644 -7741 -24959 -52357 -32886 -81859 -128202 -3236 -9142 15588 -22780 -40671
5890 10943 -15505 22991 -26894 -13076 -41342 -23887 16681 36346 -33722 19239 -29833 -3173 -12457 2447 -23438 33836 36039 50181 -35062 -18406 57505 4571 4202 -35024 16790 -21915 28239 44441 -11817 32213 50458 18749 41938 10993 58839 30702 -2092 27054 -22650 -20518 -22295 -18419 3527 -38533 663 30594 56695 18244 14125 14562 -19422 4389 -3703 -33184 -49158 -54539 -23594 -41004 -7059 -3315 -6547 -46294 -32765 4050 -32292 43446 29836 -56146 -14173 31031 -66367 -23892 49921 8768 13257 -34268 68407 -16499 50756 -48133 -45916 45230 19380 69878 -16295 27025 14816 -1299 -11665 15384 -8629 -48812 10326 -24766 -41102 11947 -9403 -7771
39693 10876 -27070 9116 7305 -26610 18226 -20398 28873 3620 -17839 28765 -9578 -1524 31826 2295 13565 -23586 -29508 10678 23425 44196 -31844 -46619 -52068 -67007 -95010 1219 -33286 55276 -23023 -80817 -42079 -8006 73181 5790 14326 22571 -57950 -23157 -3102 1190 222 43173 30038 -75717 -9167 871 67515 10311 -34308 -7231 -41109 -18148 -47026 6365 -24838 44414 45573 -713 -11470 -42707 -23375 -24942 12132 16191 92556 -45427 37636 17333 -32813 -18576 2233 -29039 21022 -64480 -16189 4269 -43339 -31475 22864 -24380 -45538 5870 28191 -3129 -15533 -32602 -11974 -831 23309 -42730 2956 -65009 -19882 1143 28434 11064 16055 5719
-51451 -27935 54314 -39111 -15762 53285 2012 -24552 -15857 54243 27742 55402 62471 1603 -7263 -82106 -14403 -16319 28612 44726 -2785 -2020 31825 -12848 -84543 -16876 -43921 7770 -9933 22645 -30647 -69688 8241 46890 -56784 -32414 2 -16133 -14902 62374 879 -36626 -66129 38477 28338 -318 -16567 -603 -22207 13432 -23428 1795 6142 47857 -4792 -36785 9285 -25274 -18017 54273 -52686 -16739 10539 38867 -74660 37319 -27926 -1552 9456 -56558 -7366 -42636 69793 -82218 -47600 24669 53112 -3353 16190 39024 -18221 658 -16857 12869 15109 2358 -59233 -23905 20089 2588 -36873 29783 32194 -11123 -13607 -36150 3392 21923 21982 -1491
-10400 55127 -55563 11837 -11415 12171 -51750 20265 -6075 -10451 68685 -79213 -9236 -21377 28736 -20142 875 77452 34109 12985 10880 -41889 26911 -6691 -70994 -47492 -36711 57036 19815 10503 44987 -12394 23972 -24940 -31206 19747 -28400 54842 -39661 28043 43430 26297 13802 15567 -67647 6716 28853 3462 16680 -1182 49481 9549 27542 31599 -26254 34672 -14711 53756 -56632 -53805 17967 25869 9468 11079 -27174 -65638 -41299 18472 -37010 11408 -16984 7628 36648 47055 -61936 -32678 -4089 1745 -37856 47377 40219 -33853 -22202 27072 62873 -37073 47785 53189 -49566 -26081 -15731 36875 20713 23544 -35031 -57657 -19723 -13860 28617 5702
-103527 87143 -23011 -24101 53184 -40175 -65411 55487 41631 41399 -1635 -2926 -29995 27776 -28248 -33031 16072 -46604 -14424 -13776 63681 -21647 -27704 60793 19715 83799 45746 47772 -51770 137 -10913 -43703 -38959 35858 -23301 -14147 -12315 -31634 46696 -90758 -51595 -13343 21957 -30816 30262 -7753 -14335 -30353 76023 49165 -41349 -15246 58861 12634 77045 -17302 -37195 3560 -68845 -20633 27689 50587 -51167 -21651 -59488 4586 -23739 -55847 43637 15929 -12285 -39187 -5546 -7553 57943 -2647 -43546 32462 63365 -38988 37720 -17223 15274 1161 -16583 6211 -50274 12106 20920 -2701 32384 -19899 -87464 -41529 40521 3576 35628 -42371 -63231 -10759
66268 -13196 -17463 14563 35506 38931 -28306 15082 -6419 -6836 -42580 -5165 -8879 -9048 -11275 -13405 4457 -32466 -15764 18978 55290 -875 -9748 -15776 -53895 -84776 -68049 -187 12424 14950 26210 -13020 -37748 -18150 61201 -59080 14086 -6738 29725 -25116 23003 -19979 39850 -4295 -40568 -56877 -6371 26864 -9735 3020 32588 28926 -26392 -25973 10436 -15890 35662 70119 -104587 -16691 -7820 -15397 60 37638 -2638 69206 -14713 -26766 10061 49909 -46088 2982 -9351 -7764 -68311 61104 -72179 25906 -29732 51583 104 -47630 34900 -4496 -20537 14370 26145 23846 -56331 -37575 -38961 -3758 16154 -44544 -11572 -71797 23321 -22600 41627 58499
-17285 1225 -3372 -82595 30334 -53228 17971 -66197 -18326 14260 2638 19420 -24063 -23580 -9736 -30456 -29925 -15999 -3056 -7850 -81196 8280 13473 -2414 -43452 27981 -23505 8836 -69588 -42132 41417 -12556 -30569 23364 7089 -24122 40644 19902 -10098 51462 4130 1834 9208 -31725 21747 -51856 -51754 668 739 -2779 7885 3441 36849 48188 -2245 -61297 -30661 -194 -22119 -55812 -40582 48954 3041 26965 -95010 45957 -40398 -54445 35645 8190 -9407 64102 -50817 49847 -6331 49091 23518 -6330 7884 -24263 13545 44223 39600 23891 -26979 37848 47212 32662 18613 28738 -57484 -12069 12544 -1611 47629 55795 28058 -35607 -15163 28037
16334 -27661 4314 24948 -38167 4725 48996 1938 28424 45179 -12902 -43187 -37536 19072 490 -18124 12695 -12870 -10156 -35283 39481 37787 22495 -53874 -7992 -380 13918 24880 -3293 -4331 70268 9869 -10935 -3876 -12384 -52574 -11604 67704 -14291 3118 13987 279 -51792 38165 35875 -23732 43602 -44351 -31903 26193 -68139 33397 -4141 -16764 -84534 -35264 -68104 -5733 11707 48376 20605 50046 -11929 -50867 8901 -17343 -28083 14650 -15114 -34170 11095 -1812 -29647 -24255 5448 2787 7123 9255 -20569 -33101 -8459 14660 -45611 -16113 114 -40449 -46002 -26093 3338 -68140 -20993 -39827 -24888 24276 -54172 -63967 -22054 -62721 53474 26882
6625 28597 284 23820 2075 13186 3337 12921 37555 -52660 49274 49851 63175 -47944 35417 19810 -37371 -45570 14989 -6384 -45424 -14839 -18672 35076 36658 24464 8343 5610 -28615 -11219 33512 -4445 26671 -20280 -7153 37885 -40263 -38087 18175 33775 31333 68561 -53699 17060 18294 28184 35216 -36588 6650 -2651 -29637 -42542 26478 -13069 22524 48452 -30668 -34995 7442 501 2296 -15977 24852 -11357 13401 -2018 -10478 -22902 23630 -22885 17876 -13380 30202 -21072 -9843 22784 29859 4418 7725 14461 -32825 -23871 -20756 8929 35463 -33288 -13177 -17127 6196 61720 -12944 10165 -5393 -30860 7240 -8566 -17530 -34470 28174 -40135
-44781 16551 45511 -31318 -14774 12615 -50665 12725 13275 -15213 -1556 -1006 74349 -68179 -29515 63525 55302 33764 96519 -28688 -15321 33877 23975 -54761 17937 -41629 43101 -36854 58494 51200 -39994 39764 -8904 -14240 -81893 28200 8263 -27468 -2707 8084 863 4648 -4731 -17372 -27483 13691 -13237 -43557 -36863 -29681 -7109 75647 56305 8993 6818 -12896 15109 9190 -71501 -34948 14671 -8235 32933 -16185 29754 -41329 50845 2375 801 3384 44884 -15096 43563 -46970 -711 51030 15072 1778 -5048 -11375 -5777 -23344 -51208 -39558 62743 60085 -43562 17787 34282 -16129 17266 -5051 11408 16094 -55711 58932 -68691 10590 -39473 -33296
-29184 -3001 -53520 27359 -34413 -2184 -5018 1859 36736 -14489 -63025 -45918 -40518 -51445 -20942 39099 29187 -8022 -17223 -20999 -1364 17383 5236 -5538 16724 44805 86111 -14501 27142 44893 -45178 10925 -49337 -27913 48142 10643 15846 15807 70462 -38091 -17283 -40796 -16384 -18493 -56929 -8020 10619 -32298 -8683 29233 -20829 16388 -33246 40324 52305 -767 1807 -9376 2797 -14696 -66555 35203 -6614 23068 41310 32386 -3632 41214 30041 208 30663 -47416 6824 -27553 33050 15539 -22988 11925 -21803 28283 29534 -44790 8531 8670 -59022 14843 -47489 -4340 -17950 -2200 51850 24413 -34671 22796 28451 -27664 28685 17727 23646 -900
41564 -6204 -3656 -6755 36723 21778 -23197 -41732 -54658 -12115 33819 11086 25507 17334 36746 -43947 -7294 -7049 65284 7373 -52579 -26027 -17549 32023 24915 6015 -50756 6977 -35264 24201 3606 -17090 65565 -8242 -4327 -4126 35445 10090 -22010 -25697 7067 31492 10123 23344 34913 46292 -28749 -3625 -23628 -38427 74963 1667 34964 -11465 -78843 -8837 -33775 21930 11373 -45146 -21101 -6795 23093 19584 -42303 18778 -59390 3145 -5200 12791 -279 32650 -19715 11084 -2319 -1394 67065 -27573 3938 4034 -60874 7996 -2561 27176 30093 -21469 22938 15365 65650 -48284 9484 7084 44248 31934 4086 -1611 -38620 10445 20204 -41626
7507 5327 -80245 69423 31819 -31948 -23080 32732 2322 -3613 31180 -18852 -1888 44139 -55261 -463 73641 18244 -38161 6563 11081 9774 4674 -5472 56446 -18204 -53852 -17844 1264 59311 39368 11979 2342 -27038 -5660 -5989 -18932 40767 -64714 -55133 -6999 -1650 -3075 -13335 14477 -10728 11303 -4037 11784 5176 47795 30031 2121 -33818 -23894 45633 34294 20465 -38469 57580 -27763 90049 -16067 80 5450 45065 -12639 -3775 -67887 42761 -27888 -5351 -32825 18629 56582 -22819 -29388 14181 8264 10206 40383 -61060 -41622 6982 -26660 -21853 -17494 10453 -22913 -37495 -8732 -821 -30018 41523 -36629 -16782 23508 -6128 -16184 67783
-111627 68122 35222 -50707 91157 -46909 -4524 49281 24611 58475 -16516 22355 28163 28076 -12642 -16120 -31929 -48727 54148 73394 24558 -12568 -16181 73156 1133 -10290 39788 13589 4189 33884 666 -42800 44817 26920 -26840 -2591 38027 -1920 -56271 17542 -16627 -29604 4564 77250 74214 -40112 -26864 -21591 24034 24889 10067 -9273 -16035 -6299 -86841 -76270 -26962 -4559 -5271 -44313 -40070 -36350 34488 -20239 -84834 -44878 12641 55060 -12134 -34494 26550 -47591 39203 59667 22383 4998 4378 39979 -11279 -14894 20423 -13935 -59479 -17263 11774 23656 -17732 -17085 -54537 2740 -25772 25030 -378 -61215 11349 8003 23066 12918 -4381 -30953
