N=400
time_seconds=4.9300000000000002e-06
time_ms=0.0049300000000000002
integer_operations=15600
memory_bytes=4800
gops=3.1643002028397564
a_file=extra/matrices/A_20.txt
b_file=extra/matrices/B_20.txt
output_file=extra/res/C_20.txt
--- MATRIX ---
20
29740 -28866 7325 -7132 -14993 28444 11846 -2483 6489 -11967 -13428 -15331 -5677 -1349 -2506 -19677 9178 19721 4984 20092
-12874 -29206 79 -13113 -25498 563 -8832 -21056 -26405 -11660 -16429 6260 -1002 18338 23179 -10000 -17397 -14999 2886 -11629
-45115 25520 10188 3655 -27597 23030 -8231 16051 14820 -18643 6696 23710 2170 4809 14375 971 -19528 -23767 -17738 -10549
13006 -2814 -3240 -22890 1158 -18938 5437 24595 15274 29948 8492 -28785 9036 -6210 -834 11847 11527 6838 -9068 2716
-13312 -11112 -6842 -8676 12632 16744 14966 7241 -4001 -9296 -10554 -5689 -2997 25034 -1880 -2374 13223 -11262 -10941 12319
-44382 24201 -12465 -27142 -15016 1406 2940 14492 17511 6519 -7986 -11579 13266 8758 20416 -8211 36639 21197 -23376 -3672
25220 14192 -2300 32290 27469 49112 18889 -16691 -38461 -7904 -18103 -43040 5507 9690 -16142 9011 17633 20216 10442 -243
3106 12767 -10605 24190 -6849 12176 -26638 -10432 -15142 -3261 8345 -5192 6760 10060 -12732 23963 3564 -17519 23100 -113
10205 1784 -8798 -4988 9706 -12153 13895 -12846 -10893 -10818 25766 2037 3367 -6601 -2881 -12170 -15167 6657 8069 15166
8124 -30222 16415 -2318 7046 -8838 -531 -13715 -38476 -7176 -7378 -3045 -137 -6876 524 -8662 -23322 -11714 11929 -6309
-21387 43747 -26377 -5401 -6809 -4034 11927 -7165 27724 -3698 14084 -6290 2678 6766 5949 13975 6880 -10184 -767 22941
-58 16636 9515 4649 26772 27888 17208 27029 -15257 -847 -18840 -36499 9738 7663 -7407 9850 24790 35195 -3340 -9268
17050 -5957 4917 338 -1735 7842 7787 -13989 1416 3381 -8998 -17158 -1489 -11394 -1967 -3409 -1655 7481 -2018 18161
1731 15840 -24057 -15358 -735 -798 10846 -9061 28357 15457 -5223 -19838 12405 22939 10082 5765 54784 5556 -42092 335
11218 -17784 -4963 -20250 -3094 -29522 821 -24648 424 -15022 4379 31336 11690 -12601 5417 -10785 -7059 -34160 4086 -17377
21496 -12358 23685 -6665 18386 -5060 -7067 -13537 19462 17198 -10967 -8275 1418 -17659 -1508 5357 28712 27137 2678 6630
2287 20295 -12492 29191 34218 6011 9577 -12844 11632 11796 -8787 -3708 219 1256 980 12513 23815 -5061 -34965 -13193
-21604 29304 -29694 -1216 15379 2928 8909 6888 13056 -9241 4407 31428 4336 20075 10475 -8792 20948 -5057 -30430 -26152
-12769 -4823 4831 -1676 -21093 6960 -26014 -7780 15846 16516 -7828 35271 -10361 -1755 19316 -18122 6142 3374 -14510 -18667
753 -16 -12220 2423 6117 -4051 -11616 -12753 -19885 9628 5116 19571 8500 -24372 -1345 -9479 -17751 -15728 12799 -12926
