100
-6 1 71 -79 5 99 77 -34 -85 -6 46 -12 16 66 -40 -17 87 84 18 -74 54 0 69 -22 -50 70 -74 55 74 -84 -36 11 70 19 75 -80 52 -28 41 -76 -96 1 51 -14 5 79 -83 19 -8 -63 -70 -31 31 32 5 -74 -71 -2 19 -84 34 97 -46 -82 17 71 68 -15 33 84 62 -72 69 -3 -22 -75 -87 -12 56 25 -83 85 -70 -58 3 24 -91 -56 -88 -21 48 39 97 -15 11 -37 -36 -84 -58 59
61 52 9 17 -99 11 95 -39 100 49 -9 -16 17 -45 51 66 11 75 16 79 -34 -24 -80 -86 31 98 -24 -46 44 -61 27 -46 -25 -24 -82 -2 83 55 -6 64 -9 40 91 13 0 7 -44 -11 20 25 -52 -86 -41 9 -80 -54 2 63 29 37 -36 -100 -51 -19 -78 43 66 -5 46 -30 36 45 4 77 15 56 -43 47 64 -4 -50 -32 95 -7 52 71 -21 34 91 27 56 -95 -64 28 78 -10 -19 -92 33 41
-76 56 44 59 24 -4 -64 -57 56 96 16 -63 56 -26 -93 -19 -60 -41 -72 -26 81 -25 -72 25 55 3 73 -31 100 -77 -42 76 98 -29 5 -61 -87 74 -85 38 46 -29 98 -98 64 -86 -29 27 -72 87 0 -67 -29 31 93 0 14 30 12 -7 -65 -13 -43 71 -10 -16 -74 73 -29 39 89 25 -41 -23 -84 -81 -79 44 -3 43 15 57 38 -20 -18 -20 -72 37 -88 -100 -69 85 -67 87 -9 67 40 -14 56 28
4 -10 82 -28 -65 11 -38 32 25 17 96 24 -80 8 -33 -63 -70 65 -69 47 -69 64 -33 26 -81 85 -95 14 -90 -37 -60 73 -86 -17 85 -2 -41 19 57 -1 -84 69 -30 -40 -55 31 55 -58 -42 -70 -16 82 69 5 40 -17 -78 -31 -29 -50 93 -46 56 -51 37 97 -56 -5 10 -48 8 38 -44 -19 97 -53 -1 33 57 -32 -51 47 -62 -24 28 -27 -74 -61 6 -7 -26 -44 43 28 56 -2 -75 -71 -11 -87
72 -78 37 69 2 36 30 77 -15 72 13 -34 -99 45 67 -82 -39 -87 -31 -21 19 -92 -6 14 45 -86 -77 13 69 13 82 54 68 -66 -19 -98 55 60 -42 -40 21 -77 -80 -51 -10 34 8 -47 1 -40 11 99 37 -62 -43 -59 -3 32 80 -62 4 54 71 -41 96 -3 -94 -22 21 -53 31 -6 -25 -26 -1 -17 34 61 -96 -80 44 -89 0 82 91 74 -88 75 -19 50 -73 -3 87 18 60 -85 10 93 76 -1
43 97 42 -45 50 35 8 67 -72 -8 -29 -49 -43 -18 13 -93 53 47 -4 76 63 35 46 -60 -6 43 -48 14 68 8 -21 68 -46 60 -99 -95 6 -16 27 62 -62 89 90 7 -27 10 -29 86 -32 -76 -62 50 -6 -25 61 -19 -47 -92 94 -88 20 -68 -21 90 19 -35 44 97 37 16 100 77 -88 30 70 14 -80 55 -63 -38 15 51 0 -83 -33 -94 -70 -37 77 16 -7 58 -69 -5 72 85 34 -16 -90 30
66 27 35 52 14 54 -70 -14 -8 92 -7 -73 -87 54 -7 -12 -4 98 79 32 67 55 8 74 -75 92 44 38 -27 -66 6 12 1 -16 96 -93 -43 92 -77 71 -19 -78 23 -18 14 66 46 29 50 61 -67 82 -75 51 -66 12 -59 78 77 74 91 100 94 77 11 12 20 7 17 32 15 52 17 -2 28 56 -48 31 26 45 89 -77 69 -39 -9 98 -79 70 34 21 6 -52 58 -35 -36 99 -3 -12 -5 -13
31 -24 -90 -13 27 -93 66 44 -84 65 -38 14 -63 -37 -68 76 16 -75 -56 47 -98 -46 100 16 47 77 56 -85 -90 -70 90 -97 15 -80 64 70 19 100 -53 36 30 -75 -92 -43 43 -71 -5 -39 38 19 56 -72 47 41 6 93 91 76 -82 22 -77 16 -33 -92 47 43 -6 73 -83 90 -55 -61 -3 -94 -16 -35 34 84 -18 55 -22 16 48 83 80 -65 -70 82 -28 -83 -78 21 -69 -58 -58 36 -73 -12 7 -18
28 80 95 -35 -84 -22 5 60 -76 -48 54 -80 97 -98 74 -74 96 -13 70 39 -25 -53 55 79 33 62 -52 93 -64 -7 30 -93 69 94 25 -68 38 69 -75 -56 -57 -79 -89 94 98 -26 -39 -51 -3 29 58 63 -6 27 83 33 81 94 -72 46 -19 51 7 -30 26 -11 -12 -27 -49 -92 -49 79 -45 -35 32 29 -2 -5 -6 -30 -57 79 -9 88 80 74 -12 91 -80 -70 -80 -6 27 24 30 -6 -8 -52 -89 -28
-80 55 -46 92 9 33 30 77 69 26 -45 60 -2 -87 12 3 21 -40 93 66 4 -62 -65 61 -16 -23 99 16 3 -36 39 2 18 73 -23 72 8 -87 98 -83 -38 47 -18 77 -48 28 12 63 23 -56 -29 47 -79 97 -53 -78 -94 -9 79 -76 -49 0 55 28 97 -23 -91 -34 48 18 -23 51 -25 76 -33 -78 -6 48 27 69 -21 81 71 -75 -100 53 -54 -60 -3 -36 -83 -82 74 42 -22 -95 -13 23 -65 16
30 20 -28 -64 -71 37 17 -61 14 65 44 50 -96 18 36 85 -98 -58 28 5 -65 10 -31 -11 77 -22 -97 47 -77 -84 -28 44 -63 -9 -80 -77 77 77 74 32 73 75 -76 30 99 67 -65 -68 20 56 94 48 -79 76 -56 48 14 -74 -90 -57 -48 -55 -10 -10 -17 -68 11 -90 -72 28 -79 86 51 -30 -81 -56 -3 -69 -58 86 -74 -92 96 -52 -53 -23 54 -37 15 34 -9 -78 40 86 -19 -78 42 -50 -62 17
-89 24 -97 4 -36 83 12 -22 -96 62 -96 -90 87 79 80 15 -4 19 3 -1 -51 24 73 93 -27 90 48 60 -23 88 -55 82 71 81 91 23 99 32 91 -26 -6 19 -76 -9 22 -78 -55 -66 -29 6 -81 70 -28 89 76 -18 89 16 -41 52 -70 25 81 -67 -75 57 4 52 17 3 23 80 54 -12 5 59 -17 -34 17 1 -86 90 22 -12 -94 -98 49 49 -59 17 62 -4 -84 -31 62 43 77 29 32 -39
69 -26 26 50 -88 68 -77 65 -45 -69 35 69 -17 -84 90 15 -3 33 85 -72 -49 27 -19 -55 39 -37 29 -72 8 6 51 26 68 10 47 -2 25 -15 -69 -9 -98 -64 93 -53 -11 -65 73 -41 -91 -40 34 -41 18 -37 62 -35 -14 55 20 -96 75 80 -21 12 14 0 97 91 56 -76 -32 -26 -38 29 30 -39 62 74 17 -25 11 -32 50 4 21 55 63 1 -76 -51 59 27 -10 -53 -35 -41 -79 -19 94 -48
-20 97 43 -46 4 91 94 50 -43 98 68 25 22 66 92 -44 -50 -31 -49 75 16 9 86 41 48 66 90 91 86 -64 -76 50 88 36 -10 35 48 -4 0 27 95 12 22 -47 15 -19 57 -51 62 -45 65 68 72 -57 63 37 69 4 4 79 92 -79 -76 39 -24 -73 70 64 -59 74 -80 79 76 -82 -36 -48 -35 56 47 42 -2 90 48 94 -69 6 -98 -15 -35 -29 -40 -34 -60 -9 83 64 -74 2 -88 82
-83 18 6 69 -15 100 -30 79 -56 33 -82 22 47 -85 -1 90 86 -56 -37 7 -17 -33 -84 -6 15 10 50 -72 47 98 44 -73 -72 -35 -5 -85 -74 -65 6 33 -92 32 64 68 -8 -26 51 -24 -49 -56 -52 28 -88 42 10 29 -72 -20 4 71 100 48 -8 86 58 75 6 18 -3 -68 -67 38 -78 -13 -21 -51 59 89 -8 96 -10 -43 100 -48 20 -100 35 71 34 83 -63 -9 25 87 -1 44 21 -43 88 44
40 -42 7 99 17 44 -40 49 -46 9 74 15 27 -93 -99 -34 89 18 -14 -62 63 71 -65 62 -62 -9 40 -20 34 53 81 -44 64 -28 29 85 97 -63 59 -63 -41 37 -46 42 92 44 38 23 16 -64 -82 48 -36 -52 44 -7 -6 24 -39 9 23 -44 -5 -25 45 -73 -78 -33 1 -29 -54 45 6 34 -65 -20 18 -11 -94 -14 -26 47 -10 66 -14 -95 -9 -20 0 74 24 4 77 -75 -16 0 -48 79 31 -64
77 66 17 92 -30 -4 54 12 -86 60 -51 -20 67 94 58 -57 -47 29 -32 48 54 -91 54 15 -22 24 -63 -56 15 11 -77 44 12 33 -93 4 13 -76 3 76 56 26 92 72 -35 -35 -49 23 -14 28 -68 44 32 45 -82 -66 9 -21 57 87 -84 72 -66 42 86 79 -62 -14 -28 -82 -48 -82 -72 -37 100 43 -59 -91 86 41 -36 65 -24 49 -5 15 -49 -79 -55 83 91 78 -7 -91 -53 16 -36 -30 -71 -66
0 -52 -65 73 -48 -100 -50 -90 32 -11 56 33 7 -90 -72 42 -96 83 -9 -81 80 -13 43 -36 -92 23 16 -86 70 -81 94 -14 75 -97 13 0 18 66 92 -48 -43 -37 -53 13 -18 -35 -99 -38 63 -6 -39 53 99 -33 36 56 -12 8 -59 28 13 16 89 6 17 -49 -60 16 11 0 -89 19 8 -65 -11 73 48 -81 -11 -10 -65 -32 -22 -45 -28 -11 -8 62 -9 -14 -30 -79 3 66 -77 -84 -38 -55 53 82
-43 -38 -44 -23 14 -43 -19 58 -20 -75 -32 -86 -47 38 85 -4 15 -6 -70 7 35 39 96 29 -5 7 95 30 -6 88 15 43 -92 37 22 97 79 41 20 -36 1 -20 -9 -60 -24 -51 -30 21 57 -11 8 -19 -40 -44 32 -33 -16 -17 -50 -16 40 33 -27 66 -43 -47 31 -9 64 -27 46 -15 -91 -77 84 47 34 93 -1 86 11 36 7 -92 -77 93 66 33 -99 -80 -4 59 99 -29 -14 -24 -13 -42 -81 -39
-1 -68 -82 -3 -75 -21 -48 -73 19 -1 68 -70 -59 7 95 -23 50 -4 82 78 20 94 -94 -83 71 20 -53 3 25 36 84 93 -80 64 35 62 -31 69 5 -75 -31 20 -61 -9 -77 -91 -38 86 -52 -61 70 -66 -22 79 63 76 45 -25 -84 -43 -59 -67 16 -95 45 74 9 -5 10 -34 12 78 24 75 0 -48 -19 -100 -54 -1 -23 4 76 48 28 67 -14 84 11 95 -25 60 69 44 96 -6 -74 92 -4 4
13 -21 -77 47 -39 -57 -25 -18 29 -51 98 63 39 -21 95 87 -46 7 10 98 14 -85 55 -99 35 74 -6 89 -32 -27 -43 -98 -65 -3 -3 -69 -12 26 83 97 2 75 -4 93 -39 -6 -79 -74 -6 -45 48 63 83 -15 -42 39 61 87 -35 57 -39 -70 -20 -79 6 -97 20 -97 43 -54 -65 -65 -91 64 -20 -40 47 1 -35 56 45 -84 -6 -84 98 -70 -64 -6 92 21 10 36 -5 68 -97 67 -67 -49 -96 -26
23 84 -41 -17 26 39 -63 -49 62 -75 -50 -49 98 36 99 -69 -91 51 93 -61 -75 100 -20 -17 -24 -13 46 68 94 5 -32 -93 75 4 -62 30 47 -42 -6 60 -65 -7 93 -72 -33 -63 -17 -1 -7 -62 -40 77 -91 -53 31 71 -5 -60 -46 66 -61 -99 43 -27 77 -33 -55 25 -51 11 68 62 -13 -91 -47 23 83 -96 -79 -85 -27 45 39 8 82 -22 84 16 75 -41 43 0 -18 -15 50 29 25 48 93 -86
-12 -50 -65 93 -34 -21 -56 14 -50 -86 -49 -58 -78 -10 46 -33 48 64 -81 -80 67 -53 48 85 -95 -23 -30 -84 -45 94 73 -30 33 -73 15 100 17 -14 84 4 -3 71 99 -22 -51 80 -47 -53 -95 -51 51 63 92 72 75 14 -7 -4 53 1 -11 -56 3 -80 48 -92 -51 56 -96 -56 26 13 63 -99 68 -20 -1 87 -69 -25 22 38 -59 -78 -74 -46 -69 60 -99 -31 -5 26 36 52 -39 -91 -20 11 -30 66
-15 56 -71 43 31 13 1 -24 55 3 -97 -75 -74 61 -46 29 84 -79 -66 -90 -73 -14 76 24 -86 70 92 -77 66 -76 84 76 69 -52 79 -42 61 -4 -27 45 18 -10 8 34 50 -57 -81 -91 -82 83 23 91 -8 75 -90 -93 71 19 71 23 82 -68 61 37 73 -92 -21 30 -10 43 -80 49 34 55 -68 30 -86 -69 -37 18 -99 22 24 38 21 94 18 43 -19 25 68 -74 -91 -90 95 -51 -80 83 64 74
80 89 54 47 50 69 67 -39 80 -74 17 -10 -72 -21 -88 -64 -57 79 89 72 87 -55 -36 45 5 -43 -53 89 78 -92 25 46 -86 3 54 37 -10 -50 -53 56 -45 -83 52 -73 32 -60 66 12 -35 -3 -54 3 -3 -94 -66 -24 72 -86 10 -17 67 -33 -91 70 -80 7 -99 38 24 63 62 -39 -45 -70 -55 -54 91 -51 -63 68 90 -19 67 13 71 -51 -39 93 -96 -42 -9 -53 -22 -18 46 33 -43 25 83 -76
-61 -84 -5 -30 54 84 -100 -22 62 22 98 78 -27 14 50 -69 -32 -73 -18 39 -25 -97 -98 -10 -15 -20 -55 -79 11 -90 -23 62 -91 -69 -59 47 53 49 -41 -86 54 -34 72 32 -2 -34 -37 -69 -40 39 -71 76 59 76 71 54 -29 -73 -9 -51 29 24 -57 9 96 33 -33 -81 73 -95 -45 64 66 -26 -40 8 -65 27 -37 75 64 73 54 64 33 3 -100 86 -69 90 -72 80 45 -27 -35 -48 -6 61 -50 0
-86 66 -45 19 33 -32 -60 -31 -57 -90 7 -51 -66 -32 40 -39 73 1 65 61 61 67 9 13 15 -26 4 1 -54 72 56 91 -95 41 79 -23 -86 -36 -7 42 -29 55 -74 12 -9 -95 8 34 65 94 -22 20 -86 -77 -81 53 -21 76 -45 -51 -22 -90 81 51 52 6 36 55 39 48 80 80 54 34 100 -73 -57 18 -51 97 9 -66 -87 38 25 44 -50 80 -85 -26 -11 -69 -18 94 25 -29 75 -38 46 67
-19 73 -13 -51 -9 14 -68 -66 88 -81 -85 -38 -79 -80 86 -21 87 41 -27 -46 -21 -74 -15 98 -87 -32 59 -6 91 70 -58 -37 4 95 -55 -37 -4 13 77 -40 93 21 88 75 16 0 -24 69 -73 -74 -94 57 -96 -39 70 -52 -41 51 66 18 47 -51 -29 42 33 54 -53 18 -80 -78 -92 -89 55 66 -96 -88 13 18 37 28 88 6 -19 56 42 -66 -47 -42 -39 -35 27 22 -16 58 -1 97 89 -15 -67 -68
97 -46 99 -20 4 79 -17 -47 -92 15 77 -94 48 88 -39 -91 -79 -16 61 -13 -45 -68 65 91 -16 61 -1 85 18 -49 -22 58 61 -97 60 -41 -57 -42 -88 37 -96 -78 -21 79 -83 3 99 89 -31 30 96 -82 30 -12 -26 -7 -83 62 34 75 -69 45 40 9 54 -10 51 -19 5 -96 34 -75 -40 -78 59 -13 -38 64 -91 -4 76 90 55 24 -81 -21 47 -70 -39 11 35 -2 -88 44 -14 -80 -11 -98 67 -77
11 92 10 64 58 -38 11 37 94 2 21 -78 83 -51 59 42 54 -94 46 -19 32 -89 95 83 -69 29 15 -27 -63 83 -17 -54 -6 98 67 11 -65 43 -70 67 -60 39 94 71 59 -54 87 -98 56 -63 93 -10 -53 75 96 86 82 -46 68 -17 -87 95 -96 -78 45 -77 -3 35 -9 53 6 -62 -6 63 -66 58 -33 72 40 -12 49 -60 -47 36 -42 87 30 -43 -3 -83 93 2 42 60 10 99 71 87 -42 -42
-67 -91 67 -83 -72 87 69 5 75 50 8 -3 61 -5 -10 -84 89 -25 -74 93 -100 -79 -100 -95 83 34 62 18 -45 64 -93 -57 98 -95 69 -17 -83 -69 100 -81 12 -22 65 1 -85 -55 44 45 91 81 30 -32 57 2 -54 -12 43 -27 89 3 -84 67 55 85 -83 69 -86 87 31 42 58 -52 -39 -61 -39 81 -62 -28 18 19 51 -21 -81 100 49 95 24 -68 77 74 99 69 41 6 -76 -10 -39 17 -63 40
11 -41 -77 -68 58 -18 -25 65 27 -79 -35 6 35 -47 -5 -80 36 83 -68 28 -98 -53 -68 98 -80 13 52 100 -13 19 44 -38 61 9 -86 -77 -17 79 -38 -50 -75 73 -1 83 -61 0 -30 97 26 -74 75 62 20 87 -57 65 75 -92 -6 -75 9 -81 36 -89 -21 -21 -69 -53 -3 -17 -9 -24 -58 29 -88 16 38 72 -81 -44 -22 -98 28 -70 10 -57 -1 64 -29 -44 76 -12 -43 7 -40 -96 -81 63 -86 -76
-9 -66 57 -93 30 25 62 -50 -89 -34 25 12 1 -99 37 -63 78 91 24 26 73 -17 33 33 45 -36 98 -95 21 52 -86 86 -58 12 6 90 -88 -36 -57 -91 -97 -52 -1 -1 58 79 -22 -17 -29 69 -85 -32 -74 -84 -97 55 14 70 78 -18 -88 73 -8 -10 -2 -2 16 49 14 31 61 22 -44 60 -17 -40 -47 -33 -98 82 -14 -77 21 5 -2 15 4 81 62 34 6 -3 -8 75 39 -25 -97 95 20 8
75 64 52 9 -33 -54 -21 -8 70 -39 59 30 -5 34 9 84 -95 -42 41 -85 60 34 -68 -28 51 -6 89 -48 13 -11 58 -82 43 67 -2 -82 -92 -95 -99 -29 -13 -43 -62 -98 -86 60 -86 20 -76 7 88 -99 50 -20 -97 4 57 -15 -23 -44 -43 42 -6 -64 17 -65 -42 54 -16 -98 22 -59 -72 -88 99 -89 -45 -60 5 44 -11 22 80 54 -71 16 -28 -42 -66 35 77 50 83 16 -43 -8 77 83 55 48
-6 16 64 -79 33 51 98 79 96 -13 64 -75 -91 81 6 -65 -39 -43 26 -79 -41 36 37 21 -51 -12 -52 -78 77 15 -97 51 0 81 32 84 69 -81 -95 86 79 -14 10 -63 -73 71 58 77 -37 3 -74 -24 47 9 78 -73 29 -72 79 90 14 17 3 48 -27 46 -57 99 82 -19 -97 79 76 -97 -52 -55 -8 54 4 92 -70 -30 15 -94 63 -24 95 74 27 -76 30 -11 -4 -44 82 75 -6 55 -14 50
72 -35 39 64 -28 32 93 83 35 67 40 -65 11 37 -48 -89 80 87 52 50 -37 90 -30 -61 -15 39 37 71 71 -25 37 -98 95 -74 2 1 -16 -1 -48 -90 -15 10 -63 -97 -63 -67 -21 -20 -23 49 95 -97 24 21 -42 -66 -28 36 -82 -70 -52 -67 56 -47 -8 -6 -79 -56 -30 29 -70 46 -63 -27 -65 97 94 78 75 91 86 85 72 14 60 -75 -29 76 2 32 0 41 -72 -43 0 -23 -42 -76 9 -88
-10 9 -28 95 52 -37 -87 -47 8 88 -52 44 -20 80 36 -32 -92 47 36 -46 -49 17 -77 -46 71 -43 -93 -97 -24 64 -24 -2 -6 27 3 -91 60 -97 100 -23 -11 -40 -58 -14 19 -17 16 68 -98 -71 16 -55 54 89 0 -64 -17 -80 63 -54 8 -76 40 -97 -10 -71 32 -92 -57 -76 -15 51 -88 71 -26 -30 -51 -33 -15 66 -99 -58 72 62 43 -38 18 57 -19 -78 39 99 -98 -81 -70 -20 -2 33 -92 49
21 87 24 57 35 -39 1 -47 -12 -56 -10 88 -84 90 38 -56 96 55 84 16 -51 88 44 -77 -6 64 -33 54 -63 100 43 -78 52 29 57 -36 -19 -23 -51 -37 90 0 -96 -95 -99 -53 99 44 76 14 53 19 -23 -21 -89 -85 56 36 7 5 -33 -98 -3 -77 0 -89 -57 -88 -50 -13 -46 51 -54 95 87 36 -13 -75 -27 -73 -90 86 -24 50 -98 -12 8 -21 -29 18 35 -100 21 75 14 48 -32 15 -92 12
-96 56 79 87 9 -47 4 86 7 51 1 -72 -16 34 96 -8 64 15 -49 -85 74 -37 0 -66 -6 13 89 4 75 15 -79 -72 -75 -68 -51 -11 72 -41 -21 -71 47 -85 -28 55 100 -80 69 49 -94 35 -12 35 -12 7 73 85 -59 79 37 20 -5 -70 36 27 -34 58 -65 -63 37 -5 -91 -15 5 -30 -75 49 -98 -74 25 67 5 -94 68 -85 0 7 93 46 -86 48 -93 46 -66 31 -74 -49 -93 23 -48 47
-72 23 -60 -79 34 91 -17 -54 -92 52 29 -13 -81 15 -64 -4 83 -72 -82 -16 10 -12 -40 0 -96 -37 -3 60 -56 97 86 -26 -15 -22 43 58 99 13 69 -67 -90 24 7 21 80 -35 -28 91 96 -39 4 18 -62 46 -67 49 -23 -2 -88 27 -68 56 -58 79 -7 82 95 29 33 -19 -53 -74 -27 -9 -32 -25 -45 53 -87 -80 69 28 3 -100 -37 -38 22 -44 43 -82 -95 46 42 -20 -69 -6 63 25 -99 -96
-48 -35 54 5 -71 -93 -92 -19 -43 -50 -10 88 -81 -45 -14 -42 27 94 -95 -5 34 45 -78 -43 18 -17 -23 -47 22 -17 81 46 -70 -88 60 83 -68 -54 39 60 69 66 -15 -36 -84 -92 99 96 46 57 56 -61 28 -14 -72 -96 63 -23 100 -50 -23 -2 -91 19 -7 56 -53 -98 1 19 -32 -83 -93 35 -52 -4 -1 -51 -79 90 16 94 -43 69 -83 49 20 -96 4 84 43 -43 72 3 -24 76 34 -37 89 53
62 -36 -27 58 17 -6 -31 63 -6 54 -69 38 -64 -48 -82 -85 -67 -69 20 18 -51 -55 -61 94 -45 -4 -56 -39 88 46 87 56 42 22 -68 -86 65 -89 83 93 60 52 -67 22 -36 36 -51 -95 54 -81 -9 -89 80 -16 -71 69 -83 1 -51 51 -29 -39 23 -38 -48 -7 25 -45 -73 -100 62 95 37 55 86 5 -2 -28 20 -84 -58 -68 8 -80 -100 80 17 -40 34 -7 -61 60 78 64 -29 43 -84 23 32 83
-22 66 -50 83 84 -84 96 -59 -84 -8 40 -10 5 18 -21 -29 88 19 40 84 12 20 -30 75 68 76 -16 -98 -56 20 43 -39 45 -49 24 19 21 -67 91 -57 48 90 12 -21 -59 47 66 9 -2 -31 98 84 59 54 -7 -69 84 -46 31 -84 -79 -13 -56 -11 10 -4 19 19 11 -82 65 83 -52 -82 67 30 -82 -38 -79 -38 -28 34 -85 -27 20 -88 35 43 95 55 55 96 17 17 71 -71 87 -24 -90 23
-25 -87 15 43 50 -85 35 54 4 39 63 -6 -13 68 41 9 15 92 3 -4 -5 -90 -44 -61 5 -18 58 -81 -90 -44 -14 -52 44 58 11 -66 -68 -45 -96 -57 -1 78 -49 81 85 32 -40 36 45 42 75 97 77 -55 -37 -20 -47 -100 59 -34 51 -85 -20 0 67 -83 -75 -66 -57 4 34 -65 -63 -71 -13 -90 -87 88 93 71 -65 -94 -89 -66 90 0 71 -53 -10 68 18 12 89 77 97 -84 -13 -79 -31 -93
45 -87 -29 -57 -12 -22 30 10 -14 98 -40 -30 -87 100 70 -99 -72 -97 3 -46 4 -29 -54 -89 -20 -31 -84 -73 63 -16 53 8 -35 -9 -71 14 -39 78 60 -64 -20 -1 -1 54 51 -26 19 -96 36 9 -18 -57 -94 -44 -28 85 64 -54 31 83 57 56 49 3 -70 -15 -67 -71 -15 -19 -31 -47 96 23 -28 -63 90 -12 -53 -65 13 33 -4 -44 -29 21 -40 95 79 74 74 -67 72 -18 -54 58 -8 -16 -45 -30
27 -27 -89 -20 -51 97 15 24 -64 -32 37 -16 0 97 23 2 52 94 44 -18 -59 -73 -21 -17 -72 -82 -73 55 -67 -44 22 17 70 -97 20 -1 -64 17 -8 -66 -13 -2 63 100 28 54 53 20 65 -42 16 -35 40 -44 -45 -87 33 44 -95 -14 57 15 63 38 26 -53 -90 -56 19 43 -22 -73 -96 -65 -11 -73 -59 40 -87 48 28 76 -5 0 29 -84 33 4 30 0 -42 -14 68 7 -83 -52 -94 -81 49 59
-41 82 -38 93 55 -52 75 -16 76 65 -22 67 28 -83 -29 15 -78 -38 -35 -10 -92 -57 100 69 68 -31 -4 -39 52 -43 1 70 67 70 87 -64 72 -43 82 -8 34 6 -79 -15 -5 2 -93 -71 -54 -42 61 38 -23 34 21 -11 79 73 71 -35 79 54 94 -84 -42 29 86 62 93 -69 -97 -32 -19 3 -53 61 92 -23 59 -20 28 -2 -60 31 -76 37 -74 36 35 -86 94 90 -36 5 -41 70 29 -75 -30 47
67 33 11 -2 -92 50 -80 -45 -89 15 -81 25 -26 93 -21 30 -62 47 1 61 -85 -57 -77 96 -17 -52 -85 -31 22 13 -20 -87 -73 33 78 -40 -38 72 -68 -14 40 7 96 -38 -26 10 -63 -84 46 -56 -83 67 -50 4 -39 -93 95 -99 -97 78 -61 21 4 51 100 77 40 -83 30 0 22 37 -13 -4 92 -3 -25 7 26 30 -50 30 -21 -62 7 -45 -98 85 -52 -83 83 86 19 -33 -18 85 55 -68 -20 -80
23 8 83 -58 -72 46 43 6 -50 11 15 -20 -40 -18 -48 -45 13 -91 -17 35 -95 -84 -42 65 -68 -65 -27 -1 -60 52 -77 -9 93 86 100 1 21 97 -43 -16 54 74 36 -91 57 20 -98 79 53 25 -72 40 100 -35 41 81 -40 28 2 -39 -17 -96 55 12 53 38 -4 64 -48 -63 83 89 -15 45 49 56 17 41 16 -51 15 55 -68 75 -68 58 84 -84 -100 -82 86 -54 -54 -38 39 -65 -70 -62 -83 5
-73 15 -40 18 85 100 40 -88 87 -70 -9 -40 0 11 -38 -32 8 49 -66 -22 33 -85 98 -32 -13 -74 99 9 87 -69 65 48 29 68 69 -14 -82 -25 10 92 -22 -95 -54 95 55 -66 -80 38 47 90 26 85 81 -78 29 -32 -31 22 79 -67 64 -40 96 -84 -21 19 36 79 47 51 -9 44 74 76 -58 -11 -54 10 61 -36 -61 -99 24 -5 -83 18 -62 36 56 46 -79 -55 21 -15 86 1 -13 58 -71 -18
89 3 37 59 -37 -38 86 -49 -51 63 97 78 -72 35 -14 24 -56 65 -91 -87 -39 -96 -50 47 44 -51 -57 77 33 45 -78 6 0 79 -4 -82 72 -85 95 87 -49 -52 -7 68 -45 -56 -47 84 18 -30 -7 60 41 -79 -65 43 -73 29 -24 -9 -59 -51 -91 -67 93 41 -9 -73 55 1 -56 87 96 -38 -60 -80 0 35 -99 -52 -41 30 -56 -4 -38 -48 1 51 79 -46 44 -67 -29 17 65 81 -78 85 48 15
-16 -84 -52 -50 80 4 -44 27 -95 66 60 -25 38 -78 93 26 -75 37 63 0 -9 -97 19 -21 78 15 -94 75 9 -99 80 2 -48 62 -10 -22 -41 81 -26 35 87 81 67 99 100 -75 95 98 87 -40 -89 46 -33 54 -40 95 -75 61 99 -59 73 20 -1 -91 55 49 -75 26 -4 -52 45 51 -77 -94 9 -94 54 20 44 -47 -83 71 42 -59 -10 -39 -33 -59 16 25 91 46 -51 92 -36 -61 -7 30 68 7
98 -68 -21 -93 9 10 -20 25 52 -94 -56 85 -49 -42 -35 -38 -88 4 -66 -32 -12 -19 28 -57 -40 -38 86 55 -68 33 2 14 88 -17 27 -71 39 89 -70 83 -13 -80 82 12 -71 -14 66 4 6 -4 -3 -43 8 -65 -46 8 -66 -87 31 90 81 -45 -88 -2 -64 41 56 -71 -81 33 -27 82 16 39 -82 91 8 93 3 -25 -73 -44 -48 -96 -9 -18 13 -24 69 54 32 -3 -25 -70 -67 63 -61 -64 -41 -52
-12 -88 72 39 -20 -60 38 9 43 59 -33 17 -62 73 -22 -77 7 43 -100 75 -69 0 14 -72 7 -96 38 3 -33 15 -94 90 29 -72 -65 24 -1 9 -74 -35 18 59 -42 13 91 74 -53 -74 73 88 -80 82 -23 -60 13 23 42 -5 52 100 98 -66 -85 -91 46 -85 37 -49 33 -75 -80 -57 -18 -65 34 -45 -78 81 67 -86 -42 -29 -28 -4 42 -43 -68 -7 93 41 69 -45 -65 73 76 87 -63 15 60 -2
-14 -92 54 19 -82 66 -30 -57 -40 7 -71 -28 -34 -66 42 -19 -89 93 -58 32 -55 -38 91 -59 -80 32 -78 -10 -72 -15 -55 4 97 76 87 69 6 78 21 58 7 -39 -53 -92 3 -13 -41 -100 -63 -69 95 85 38 -5 -8 53 -64 65 38 -52 46 61 46 -3 28 70 97 -63 79 -64 -50 31 -12 36 -67 -94 -21 68 17 -89 -66 -40 -14 95 64 -4 66 38 8 -33 9 -31 -99 13 18 38 82 0 65 54
51 8 -34 9 15 -71 -52 7 27 20 -38 -75 -67 -30 7 17 -11 78 57 46 68 -22 -10 -66 -78 82 75 31 65 81 -71 -94 28 98 64 94 -59 9 -66 -26 -72 37 -44 24 -63 41 -85 44 -11 -23 31 48 -1 -16 100 -50 -88 88 -22 -69 -26 -50 -20 -95 -30 -52 73 -49 -51 71 93 77 38 79 -14 -55 -59 35 98 98 80 34 90 -60 85 83 -100 -53 -88 -55 33 78 31 -47 36 -81 -32 29 -38 42
-7 -59 83 4 96 -51 -41 -97 -80 -4 -88 -29 91 84 -12 -22 95 24 -50 16 -26 -9 -42 -37 -57 -70 -27 -59 -33 -79 -44 -8 28 23 63 41 -42 43 73 -79 41 37 -52 -56 18 -43 39 100 -43 -68 14 -80 63 77 70 86 86 54 -96 99 -13 76 44 -85 74 7 -52 9 29 -25 -86 -95 -23 -22 27 69 61 -56 98 99 78 -85 97 81 23 76 85 97 34 -100 -31 -79 -66 48 59 63 -14 -99 -8 -31
-15 70 72 11 -60 -45 -50 21 -69 85 47 -92 69 -80 -93 11 -75 56 59 -11 -87 41 -57 -16 25 -93 16 82 10 84 91 -34 -35 -100 -44 33 23 40 70 -60 -46 48 76 17 55 81 93 -33 -52 36 78 -43 -5 -25 -8 49 -41 -52 43 -11 76 49 92 -32 55 -4 57 60 8 -17 12 -27 -50 86 41 -57 -12 -55 58 -81 -35 32 -97 84 -61 61 -69 -62 3 -52 36 77 99 -81 -31 81 -96 -57 -69 -82
-50 18 48 -54 41 -79 43 1 -100 47 60 -52 100 90 6 -70 -38 56 -34 -95 58 22 -22 57 93 70 -30 -94 -2 33 31 -13 -36 6 -94 18 -95 93 -60 -55 91 51 -75 -26 -32 -17 34 39 4 78 -26 -48 -57 82 71 72 -3 43 -51 82 87 39 -55 -61 87 -20 99 77 -91 75 -35 -64 10 95 -40 -63 -87 32 96 -80 71 -50 -87 -16 -37 2 62 60 -50 -62 -33 39 -38 60 -81 91 -56 -77 -4 2
92 -69 22 42 -91 -66 -18 14 4 63 -6 98 -31 -72 -64 81 11 -37 -99 60 -96 -81 9 46 40 -70 87 -55 -56 78 29 64 -52 73 76 68 16 47 -83 41 -60 60 -66 -46 -37 98 -53 -78 41 -23 83 82 10 95 -1 62 90 2 81 8 -71 -48 -40 -98 -98 -94 -71 -74 69 -37 2 -52 77 44 66 10 -97 87 -9 20 -96 -12 -34 -12 79 -87 89 33 87 14 -42 2 -100 -45 45 -23 15 65 -18 -87
81 -63 -75 -58 -55 -41 46 15 -28 43 90 13 67 -43 -22 -60 -72 68 -31 -91 50 79 -58 -9 2 -29 36 1 20 3 74 -9 -84 15 76 -53 -12 -14 -36 89 12 -29 2 80 -81 -31 82 91 -84 -39 72 -12 -63 86 -80 21 -58 94 -81 86 -7 -11 -31 82 89 42 28 61 -3 -80 86 -50 26 74 37 -6 0 66 -41 72 -27 -58 72 -37 -1 10 62 37 -11 -80 -5 -29 -8 -48 11 29 78 74 -55 74
-23 -1 -58 6 58 -65 -32 -5 -84 -47 40 60 -81 88 -72 -13 97 -13 -30 51 -5 -70 34 -97 -68 57 97 -21 42 -63 -38 -5 53 15 -71 -38 -30 29 1 55 -90 -98 32 59 -70 -35 -65 -76 -78 -56 29 77 20 -50 33 -53 7 18 -1 36 25 100 53 18 -40 -36 33 -6 87 99 53 85 91 78 31 42 45 70 -50 86 54 -4 -64 89 -92 61 4 88 -97 19 34 -30 -66 67 50 55 24 -12 -96 -12
87 -23 14 8 -19 62 -49 -1 88 98 -6 -43 -90 3 -90 -97 -83 49 60 -13 14 78 65 35 -92 -61 -39 -18 -66 37 -77 3 67 -93 -90 27 97 -63 -69 85 -85 -37 76 -44 -55 -5 -10 30 -35 29 -35 -97 -23 66 59 12 92 -37 13 16 -11 -17 78 89 12 -28 -61 45 71 -84 81 -21 48 -56 -81 -83 -78 -54 -65 -94 97 -69 77 -21 -94 -46 -64 -35 45 -85 37 -79 95 -52 -37 -28 -20 45 31 28
-57 -25 -98 -21 24 -100 -52 -94 12 -43 -2 -72 -9 -43 -28 -83 22 71 25 32 7 -46 -61 -56 87 21 -15 19 63 -25 -23 -63 -39 -52 44 7 8 -18 -80 94 14 -54 48 -74 88 11 -45 83 11 22 -53 -91 -85 -55 -45 7 34 77 -65 23 56 12 -63 53 68 -98 -6 80 26 16 57 -42 68 28 -19 -100 8 -96 18 -32 -17 13 -76 -65 42 28 -90 -17 43 79 98 15 -9 -45 -37 -81 7 5 -15 14
40 -80 -55 82 64 1 62 -46 -97 39 32 49 9 90 89 48 -95 51 15 -37 -56 -2 64 5 53 -16 -34 0 -31 60 -45 9 22 -14 54 41 -96 -98 3 98 43 94 81 -74 2 29 -33 17 -72 -83 46 100 55 -8 -60 5 -69 23 96 36 5 32 14 37 77 -15 -22 6 64 -16 -3 -69 50 -40 -92 -72 -40 18 -35 48 65 -9 -90 -82 18 35 61 19 -63 -64 54 85 10 -75 69 34 83 29 -14 47
93 18 65 -36 16 81 11 59 -77 17 -32 6 48 -58 4 -53 68 43 99 70 33 -73 -28 90 89 24 92 -89 -55 -8 100 -38 38 100 -88 -31 -70 16 86 -58 -70 -67 -66 48 20 -15 -71 87 48 78 0 -38 11 -48 46 44 46 28 -7 -46 78 72 95 -36 27 33 -72 -91 44 -21 -28 -14 -51 -30 -92 11 24 80 -14 -41 -29 75 30 52 92 -64 -36 3 21 31 28 -63 40 74 -5 -41 47 5 10 -8
-20 71 -46 -3 -40 58 -46 62 -89 -81 79 -4 44 22 74 -68 8 94 20 53 45 88 -49 80 -60 -12 -63 97 44 1 -97 47 -67 -58 -54 -33 -67 67 31 -88 78 11 -91 -52 77 63 -15 -45 53 -46 88 -86 -75 1 58 55 50 -9 -5 58 -87 -11 -94 -35 -89 4 55 4 -55 86 68 -69 79 -100 68 42 -1 -72 30 -76 69 79 -79 45 -64 14 98 -90 70 29 38 53 -27 -100 56 53 1 -83 -2 72
37 69 -75 29 19 33 10 -4 40 0 97 74 -79 57 -17 -48 23 -63 28 -47 -99 -92 66 -35 91 -88 -66 70 -1 -64 26 -28 -13 -2 -59 -82 14 -91 45 -38 6 -75 -22 2 -39 73 -23 -90 -85 -92 13 13 94 23 -94 37 10 -39 -14 47 6 75 8 -31 54 -97 -42 41 -19 -33 -30 -10 -81 11 63 -75 60 23 -89 -80 -44 41 -75 -10 -77 48 -80 -36 -94 -11 -36 18 81 11 6 84 -19 43 86 -90
24 -64 85 42 -82 -37 -79 47 39 33 15 34 96 10 -29 80 29 97 -69 83 -47 -43 90 -48 73 -18 50 93 59 -81 -65 -43 65 85 99 82 48 90 -47 -90 -57 89 -78 -81 -84 -48 -52 -72 79 -14 -53 35 32 27 -37 42 -62 -29 76 -63 -51 -11 5 84 97 -40 -55 -70 -34 -79 60 78 99 -88 -81 -16 59 -96 -90 -14 11 95 -77 -11 -49 18 38 38 -18 55 7 -24 82 53 48 8 -22 -27 -29 59
97 -51 49 -73 -28 -61 -50 99 43 -62 -41 57 -42 81 -38 -27 83 -80 -84 10 49 -34 21 -66 89 24 13 -72 46 -3 52 58 -56 19 -57 68 12 51 77 34 -89 95 -37 -14 -8 -61 85 -83 -46 -96 -56 51 -6 96 24 -40 -45 4 -70 -31 23 26 36 96 8 76 -46 -99 2 -30 46 -68 -85 -7 -12 -39 64 -95 -64 35 -31 -37 67 -61 97 29 -45 -10 -15 -47 -52 -45 7 -64 -27 12 1 -86 42 -24
71 -89 48 -25 78 12 100 -50 86 -92 -45 21 -23 64 -56 -67 89 96 27 68 14 -79 -82 96 0 88 12 8 18 53 95 -4 -75 -74 -38 68 -75 -52 19 -38 76 33 42 15 18 67 -58 63 18 -51 48 83 34 23 61 -69 -85 5 -56 -5 19 -35 25 -51 -30 -69 25 -52 -46 -78 -79 33 50 -34 25 -29 -19 63 50 -7 43 8 99 11 -73 -84 -11 -25 72 -69 -5 -7 29 -75 -4 -94 64 54 -12 41
56 -72 38 41 75 -17 -34 65 58 22 80 22 -89 85 50 -45 -2 38 -66 51 14 56 52 -13 -34 1 34 -67 57 16 -49 19 82 24 69 41 91 -24 -16 57 49 -38 -91 -90 33 -21 -25 67 100 25 -15 62 -42 -27 97 -81 -47 39 -14 -29 34 60 85 -65 -88 43 -39 -62 55 -81 78 -35 -55 40 19 14 -31 -57 -88 -2 -36 32 87 -16 91 86 -43 -51 55 58 -48 -1 -82 -84 -64 -56 -60 -28 -80 -99
31 -16 -42 -62 81 11 22 -73 83 -36 21 33 -91 38 61 -84 -8 -16 60 70 -89 12 -55 -22 -98 -51 63 -35 -83 64 -71 -96 52 -3 -1 34 -24 -90 98 20 -13 15 18 82 -47 -98 45 49 -37 -80 -74 78 -81 -38 78 -91 25 6 -4 2 81 -47 61 21 -83 26 44 80 33 -87 -47 13 68 92 88 27 -94 78 84 -99 -74 25 -18 79 -99 36 -7 32 7 -11 -63 42 17 -44 0 20 -43 89 30 34
30 -7 -20 16 98 -90 -70 96 59 7 45 -48 84 -66 -92 -16 -49 83 -24 1 61 -39 -61 -8 -71 -39 -74 14 -80 -3 100 51 -19 -70 -30 3 9 91 -1 -17 7 85 -46 -17 -96 -77 77 -41 72 71 -99 4 83 -27 86 87 -17 44 45 99 69 41 47 -34 80 64 5 -61 -3 -78 91 -25 -15 25 53 76 -71 5 88 23 69 96 -8 35 83 -45 -4 97 -84 60 -15 -58 -53 -16 -7 96 75 7 97 28
2 -41 -43 -74 27 91 -10 20 -73 -49 -85 -38 -34 24 94 73 83 87 13 40 -56 -97 -60 -30 -32 -82 -21 -57 -36 -5 75 -84 -37 21 62 43 64 50 87 -41 -62 -17 -1 -43 -69 24 -72 15 -45 29 15 19 42 -10 53 61 51 15 88 38 34 12 -42 57 57 -97 6 25 -40 46 -17 74 -6 50 -27 96 -22 -34 85 -63 -41 94 -60 -20 -4 -80 17 -92 -56 56 82 -11 58 86 -90 -34 54 -42 -38 91
-63 -41 50 28 -45 -14 -74 -10 96 -18 -73 -48 18 28 11 -70 -86 59 19 -97 -54 91 -5 -65 46 64 76 -51 58 64 -55 -19 39 -63 -45 86 13 -63 -90 72 -45 -44 66 -48 73 34 45 -60 -99 -82 2 11 -63 -74 -88 -56 -53 -40 97 92 98 67 -52 -32 -51 93 54 -38 54 -1 99 47 20 27 -2 -18 18 26 77 33 -40 89 -64 -61 47 91 67 -38 32 90 42 -90 -67 -82 69 -16 -100 -70 -77 -57
-5 -75 33 -36 41 73 -65 -56 -41 -43 53 28 -61 86 -77 49 -31 -79 28 -57 -98 -96 -81 100 86 57 -21 74 76 80 -17 -75 -2 17 13 97 -82 22 78 96 -86 -21 -72 -16 -85 3 -2 19 96 59 33 -65 -83 -62 52 -36 -2 -77 -80 -94 -75 79 -31 38 56 -78 9 97 48 37 -87 48 78 74 93 -91 -49 -38 -25 -36 -47 17 -34 -27 -74 -91 40 33 65 97 -16 5 27 9 65 91 79 58 4 -31
60 11 9 -22 -20 41 -76 9 -79 -16 57 -43 -4 -63 -68 -83 2 -36 -52 94 74 0 -10 49 -28 26 -65 -54 64 18 -88 -56 35 62 -79 -16 38 30 -59 37 -36 -39 57 40 -70 -43 -23 65 55 -77 -80 48 55 -79 100 45 57 -2 -60 -85 68 -50 3 72 18 48 40 33 -88 49 -70 20 -5 32 99 47 48 51 76 -91 -32 -74 34 41 -22 -3 59 -86 53 50 77 18 69 53 21 46 -41 3 86 92
-70 98 11 19 66 7 9 -52 64 34 -85 -40 -89 94 -6 80 -45 68 -53 -21 48 60 42 -68 -70 -21 -17 10 -77 -34 82 19 92 -51 -15 -66 -54 42 -93 -1 -61 -52 -87 -93 -91 0 -45 91 51 13 -89 -40 -68 41 -26 89 86 46 -23 6 -90 65 -25 12 90 -24 65 -65 -60 2 -70 -15 52 53 -76 -68 51 -28 9 -6 57 88 10 -87 -69 69 36 13 76 95 72 -53 -99 -53 81 9 -27 66 91 16
45 16 -57 12 -71 -97 39 69 6 -17 91 74 38 75 5 55 12 88 33 44 44 17 -28 -4 61 -58 53 -9 -17 -87 47 24 -26 -57 81 -65 -5 71 38 -44 65 37 -15 -43 76 52 21 -83 -50 -69 90 -88 -56 -33 37 7 -94 89 78 15 0 100 45 -55 -24 46 -37 85 90 32 -68 -97 -19 96 -24 -26 20 46 77 63 -46 23 14 60 -24 -17 63 66 10 -21 -86 61 -44 6 3 29 -41 13 76 54
53 -24 -34 -19 79 84 -65 -43 15 -18 -67 64 62 -43 14 -54 -66 -3 58 -99 30 -64 -55 31 -81 86 -76 65 10 -87 46 33 -38 3 62 84 57 -66 38 47 -81 100 91 61 28 -69 -9 98 -11 -66 -33 -38 98 14 100 24 -25 -45 -3 -100 48 49 -56 -94 -22 -46 -37 -16 -67 -76 9 90 29 -54 -39 -4 -38 -100 51 -13 -68 -75 -9 -46 19 86 44 55 11 -5 -7 71 -39 -46 -19 -98 68 70 51 -99
-85 70 79 46 48 79 -66 -55 69 60 -95 81 21 0 67 -14 -56 19 45 -65 -20 -38 3 -83 -16 37 -8 66 34 -100 -44 0 49 24 39 49 -13 44 29 -64 32 -50 45 47 67 -19 -77 -76 -46 90 16 -46 -84 2 5 -13 -77 -2 69 -48 40 -62 16 39 -62 -84 35 43 -14 91 -47 22 66 98 16 -85 42 41 99 -92 -62 -72 54 91 -46 42 -53 100 97 -69 -54 52 -85 -63 77 -82 -2 -11 51 83
-9 45 -43 -77 68 42 67 13 99 10 48 21 96 -69 78 45 -72 -3 83 51 -58 28 -61 -43 93 -18 11 60 -66 -62 18 -61 -16 -21 -25 -10 -23 97 31 -35 -88 47 -96 -91 8 98 -38 -51 18 48 -98 100 -35 -62 66 -12 16 -70 -97 55 13 -71 -95 74 -46 -86 -5 -82 -81 -75 -3 -96 -39 -68 78 -40 -89 56 78 7 -26 27 27 -30 99 -46 -9 -50 -23 57 -13 14 32 -54 -70 -52 -3 -43 -43 -100
20 58 -80 -90 -92 51 -8 -91 11 -89 -83 -17 86 -21 -56 53 22 56 88 98 98 -90 -56 -12 54 -25 97 18 71 -84 20 -69 -86 50 -11 87 -85 24 44 -6 0 2 -76 -13 56 -61 28 -48 -17 9 -21 -14 53 -74 -11 50 85 -28 86 62 45 18 -62 -1 -81 -13 -1 34 -86 -14 -26 96 17 22 -11 -67 72 0 -21 -86 20 -67 -22 -74 -26 91 -37 -66 -38 -93 -73 55 100 35 -78 1 84 99 -79 -39
-49 96 -73 -14 -16 -57 -54 2 39 95 -22 39 -84 -4 -65 19 68 -39 -93 27 65 -7 56 41 100 -10 3 -35 6 42 -4 -34 -56 -29 -83 -44 87 -23 27 12 79 -51 -65 53 11 -93 18 -47 -70 15 -29 12 -40 -95 -33 93 -48 -29 17 75 -55 28 -16 74 -18 -12 -49 -53 -98 6 89 64 60 -80 -95 53 81 98 -30 -20 96 -28 61 100 -32 45 -61 -26 9 87 -84 -68 69 -40 19 78 49 -10 -45 7
72 66 5 -48 29 -52 16 -6 -76 -38 -52 87 35 83 92 -35 -30 68 -57 -71 -88 52 -21 31 -4 68 -63 26 -22 13 -16 58 52 -20 33 -28 -62 77 50 1 94 8 96 43 -73 51 35 29 22 -33 -40 20 12 -98 -13 -67 59 79 -19 47 -68 84 85 75 49 98 -66 -4 -92 -6 96 9 47 -46 92 12 -81 88 -34 25 4 90 -3 74 -1 -6 81 -18 -68 -62 17 8 -51 53 68 -17 94 -21 98 71
66 59 84 -44 20 -82 -99 23 -24 41 52 -2 67 -44 62 25 -30 -12 -67 -41 39 57 -86 -50 -82 32 90 -96 52 37 21 12 79 67 -80 38 -13 66 28 -32 -46 20 -48 15 62 30 40 82 -61 -8 48 -53 -49 -39 20 3 -58 -68 -7 -35 59 11 78 18 42 -91 -51 96 -60 40 3 73 3 22 -15 -89 -13 39 -72 10 -24 98 50 -2 -31 46 -77 -92 32 25 -49 54 90 -84 25 54 -44 2 78 62
-39 -18 49 40 -39 -19 24 57 32 29 52 -35 -53 47 49 -15 29 17 -23 -28 60 57 64 68 -4 -32 -26 93 -52 -58 -62 -11 18 6 84 -31 24 27 59 -78 -16 -95 11 99 -64 -7 -98 -57 -72 -84 -51 20 -51 -40 -78 2 67 -17 74 91 56 65 -64 -20 -22 -100 -86 -94 -100 39 3 -60 92 57 -58 81 74 48 -5 71 -46 -49 -41 4 83 -75 -78 50 -21 64 100 -51 88 -84 -76 86 46 61 -18 86
72 89 27 -82 -86 -43 56 97 -97 -61 58 -20 -63 -36 -7 0 -30 91 -77 15 23 0 97 -58 -22 -91 -65 48 75 -74 43 99 74 4 41 -8 29 -86 -1 86 36 35 87 37 29 18 -37 -79 -31 24 -10 31 92 -26 36 -58 -64 -43 93 70 38 1 51 17 75 -34 40 -94 2 100 -70 -11 45 8 -37 -46 43 -78 47 72 57 86 89 -99 61 82 -13 -10 -55 -84 -16 -91 6 -51 -54 -50 100 90 65 -65
-82 -39 -91 -36 -22 90 -33 62 96 -71 -75 -4 -68 -70 0 -25 54 97 39 -60 13 -71 -94 88 -13 -13 -37 -28 -77 70 29 100 18 55 -87 79 91 100 -80 -46 70 47 63 78 -84 -41 -99 63 2 52 -89 -44 11 -80 -41 63 -69 5 -100 30 -63 -75 62 -79 -35 23 36 -40 95 -3 91 17 -10 55 -1 32 -4 -82 -58 -29 -72 74 11 -17 57 -91 -59 39 -42 54 -78 -87 57 -94 -72 -16 -1 44 -50 94
93 92 19 -46 54 -63 30 -4 -57 -72 -40 -98 54 79 -86 -74 10 2 2 82 -37 37 -66 99 -24 -99 59 18 71 -83 -18 -91 12 -92 90 24 63 48 -60 96 35 -74 -53 -20 -84 -18 -37 46 -95 -79 -73 -23 81 -70 -34 -55 75 -99 -75 -33 -94 13 -46 94 67 16 -28 -12 83 -100 77 9 -99 99 25 -43 -69 25 83 25 -61 -24 83 89 -33 -56 -95 70 -27 -23 -30 85 -9 34 -52 56 -81 4 84 26
32 -5 -21 56 -40 78 1 -97 -28 -62 79 27 -96 -49 2 -19 72 -85 -59 -91 16 49 81 -36 31 -46 2 26 35 -62 40 -86 -33 -93 5 -83 -48 36 55 22 56 17 -53 29 50 99 -13 39 -53 92 -5 59 49 -43 9 -50 42 -9 55 -39 59 54 98 -22 -97 52 -26 -48 -21 -61 -76 89 43 -30 -82 22 41 -30 -96 -32 -10 41 93 -53 76 14 -100 79 -95 42 52 -73 -96 -94 78 -21 -72 81 46 63
5 64 81 -13 -54 7 -98 49 -39 98 -85 40 46 -87 -73 58 36 -82 -30 20 -93 14 64 -61 -16 96 73 65 -4 -79 6 -99 38 3 -64 47 84 25 32 17 -51 -85 55 37 86 9 57 0 -72 85 -33 -65 -21 3 -73 -62 62 -85 -95 10 -46 68 -57 -14 99 21 81 -28 -32 -66 -84 88 -64 18 11 -32 32 56 -16 -83 58 -28 67 -65 11 -68 -48 14 78 53 3 -87 77 -92 16 -77 -26 -88 33 -37
-16 -65 -57 17 89 -86 -12 -55 36 58 -33 -35 -38 -60 19 -92 -10 100 -4 -34 19 69 90 36 -98 -61 -75 8 87 30 2 -75 11 -47 -62 22 -92 21 56 91 40 1 -4 -50 -34 91 -9 -88 -100 -1 -18 36 -87 -1 -41 27 -31 -58 7 81 -66 -36 -29 -54 59 56 -67 -97 24 -63 -22 -65 -3 64 61 -6 6 -78 22 -4 -85 89 -55 55 -91 -27 -8 -84 1 61 52 -22 -94 -89 84 36 84 32 -22 24
-67 -49 -38 45 -47 -12 51 -34 12 -34 -33 100 86 -66 36 -12 -32 6 -56 -78 96 64 69 -12 -26 6 29 -24 5 -60 16 20 68 -48 96 -53 -82 100 -74 34 74 0 23 53 -45 54 -49 -63 71 -75 11 -77 53 -12 -15 64 -94 64 -6 -8 -61 83 -93 6 77 -45 -75 22 -12 -81 76 -38 -93 -100 35 19 -98 -42 31 29 -94 -45 -25 -40 -97 80 58 70 48 -44 -46 37 100 -47 5 -65 -39 94 -30 -57
35 41 -60 -77 -62 55 -14 2 -82 -85 -19 -73 -41 25 -72 -65 44 -75 65 28 41 -57 34 -7 96 29 37 -71 -13 90 73 -2 -17 77 -70 13 67 21 -61 79 19 9 98 6 63 -54 -54 -72 89 -85 24 38 39 -74 95 89 -42 33 -26 -28 -60 -98 21 -4 42 96 86 96 3 30 97 -59 100 -32 20 64 -23 -73 -49 -58 -59 73 -87 5 32 52 -26 -32 84 -52 31 -41 66 64 84 -41 48 4 89 90
1 -43 1 100 39 -83 62 -81 1 -94 63 -92 91 20 -28 -8 9 5 60 -96 56 -26 78 5 -46 -34 92 -56 81 23 -80 44 -31 -47 -78 13 68 92 -80 19 59 26 -65 6 -8 -55 -12 51 0 -67 -50 -51 50 -47 76 -94 9 -97 57 81 72 54 79 100 -73 93 -74 -5 58 -14 -80 -29 52 96 27 86 24 -73 40 41 18 97 -55 -60 57 86 -11 -34 -53 -40 9 16 -79 19 -78 -14 17 -47 88 -91
-89 61 -4 -53 -16 -75 -20 29 54 98 6 -37 -81 -79 -63 40 -48 -71 18 -39 -66 -97 -73 -32 -41 60 -39 -13 16 33 31 -39 38 91 -10 -92 -66 95 -97 -26 -65 -44 84 9 85 -61 16 -15 -52 37 3 -27 -65 -5 -42 23 -96 47 -9 24 -86 -23 70 -48 0 -6 56 -34 -53 -35 -100 -62 7 20 13 -35 22 60 34 21 -49 7 -22 -63 -32 45 39 90 -84 51 -18 57 50 -81 36 67 66 100 -8 -94
-99 35 -72 -45 69 -74 -61 -32 29 -13 96 -26 71 66 -74 26 -14 -51 -26 0 -62 96 6 22 54 -51 -86 -42 56 90 -26 -57 -95 21 19 -49 91 2 61 -61 -40 -31 39 -61 -59 -21 17 -50 -25 54 -35 57 47 -71 27 -9 64 21 -98 -16 -62 88 86 53 -55 42 67 8 -57 -65 44 -86 -25 69 -65 44 28 12 26 -87 -11 51 58 50 -79 -32 -2 -6 -54 85 65 -13 -92 -69 -20 12 -5 15 -64 31
86 69 -3 -95 -88 -10 -22 -91 62 -61 83 -6 85 -96 -74 -42 -41 95 -17 -26 -83 48 69 94 55 -16 -100 27 6 -42 38 74 19 68 56 -78 -95 -19 -100 -31 -71 99 56 63 -31 -96 -16 92 -18 -64 11 98 -92 12 -19 -68 -32 97 -38 99 14 -80 -54 72 48 64 47 100 -86 -22 83 -92 35 57 89 -9 96 -28 -60 19 93 -93 -27 79 -87 9 32 -90 -9 80 -42 34 -47 -82 -60 -91 -13 6 96 79
