20
40 86 -15 80 12 -2 27 -35 -66 80 45 -56 81 -6 -56 -61 22 -92 53 -100
-10 37 99 -47 -57 98 73 -61 82 69 -58 -77 -40 -44 -66 -94 69 61 26 -44
77 -92 -35 -87 -80 70 47 -8 12 48 -86 63 79 -81 -18 52 98 90 -17 50
35 30 74 -2 -39 -78 71 46 -76 -28 78 3 -3 92 -11 14 -11 -86 -85 71
-16 39 -84 29 -31 -36 74 -75 -15 7 -86 -84 -41 -69 -84 1 -8 66 59 83
84 59 8 84 -14 -52 73 -97 -86 26 69 90 -44 11 -6 54 73 67 -89 56
22 33 -92 100 -40 85 -6 97 -12 -96 63 -88 -85 -67 -83 -22 18 67 68 -79
67 -6 -43 -45 -96 -23 -9 77 9 -97 57 -35 -58 -22 93 -85 -44 68 -40 -83
-81 53 95 57 89 94 -74 -96 77 -48 60 21 81 -79 29 92 -86 -59 -31 -36
-74 8 82 -4 46 62 58 33 36 50 20 -76 -56 -98 -59 -20 -78 45 28 33
34 -91 -68 65 -89 15 1 -84 60 -33 25 72 -34 89 28 27 -11 -14 17 42
92 89 -74 67 19 8 26 96 -31 -32 19 -42 -69 -6 2 82 56 68 27 49
-13 -2 -47 65 -27 0 -3 25 -29 94 79 -2 -21 43 -28 -4 -34 -93 59 -51
33 89 -99 -16 -33 -81 86 -43 -82 -55 82 62 -94 59 -60 -21 74 -70 -87 -42
-93 -48 48 -91 81 70 96 -55 37 -31 5 -31 27 -35 -73 -86 -48 52 -90 59
51 24 -73 33 64 -100 -44 -4 -16 56 24 7 -55 82 -93 14 -74 -39 8 -16
3 -25 -69 33 64 47 -45 -18 -66 -44 -63 81 -94 0 -97 43 -4 -93 -34 -53
-27 90 -95 -55 57 54 -52 -66 25 -90 -91 62 64 -53 50 54 90 45 -98 24
-26 -1 -68 -59 -41 -52 -77 56 13 88 -59 59 82 47 17 -16 95 9 -78 -100
-99 -12 -1 22 -34 56 -53 65 -3 19 51 -10 81 -12 56 -10 -87 61 -100 1
