100
-78 69 96 -13 69 -47 -60 -66 39 14 29 88 27 0 -56 80 -62 -36 -13 -13 77 -76 31 -39 -76 51 43 99 -17 26 7 -100 -48 63 -10 97 -35 -58 -96 -1 -18 -98 37 61 66 -71 -39 -1 -11 -31 -67 -28 43 -40 100 -18 -15 3 -64 8 94 -16 74 -29 -37 -77 24 -11 97 -78 26 -36 -40 -22 85 99 6 -30 -1 70 91 -19 -64 54 -7 97 -73 -85 -5 66 18 62 5 -99 -41 80 -4 86 -91 34
12 33 -3 34 69 12 -76 34 -64 -7 61 80 45 57 -84 -85 -98 -91 45 12 60 37 -30 85 -17 -70 -32 45 39 97 -21 -60 -19 41 57 -67 46 -48 47 -32 -29 47 -14 85 53 4 -42 -26 72 -59 46 -39 -90 20 90 42 70 18 -93 -89 60 -88 -68 63 -91 -68 -84 -20 -48 -60 -39 69 0 66 -18 60 1 -73 72 -92 -41 86 -43 -70 63 49 -73 -66 99 32 -48 -92 -8 -49 -51 35 -99 -64 -93 67
-89 -2 87 -86 84 -84 40 -80 43 60 -26 74 -50 -49 -91 -86 78 -33 -33 65 -12 66 45 -71 -83 5 77 -65 -61 20 35 -55 -45 39 2 -86 83 85 53 -31 -93 -38 -62 80 54 -26 26 -28 73 -10 -79 -76 14 -47 35 -55 3 -68 75 -84 -35 -33 27 -50 -29 85 -54 43 44 -23 75 73 -83 54 20 -19 -83 39 50 -70 16 78 68 -3 -50 19 6 -68 -80 90 25 -37 -29 -88 -83 36 -48 -45 23 1
-24 -93 -34 95 -70 -31 97 2 -54 -92 -68 -97 -75 -70 -73 78 24 -82 34 -35 46 2 -66 -97 55 -44 1 60 48 88 -44 47 -58 -40 100 -84 -53 4 66 73 -27 48 -26 50 -67 30 99 -28 -68 -42 81 -72 -91 -77 34 91 46 -13 3 57 92 -81 -46 56 83 4 5 -14 56 25 79 34 -26 90 -68 43 -78 -84 10 9 12 92 61 58 -77 9 78 60 -76 8 -4 44 96 -8 -51 -60 -58 10 28 53
18 71 83 -8 -50 3 -19 -73 -14 -13 -34 100 -65 -6 -32 -87 -28 -9 -22 -9 -20 52 -40 -19 93 60 64 -20 54 -74 -23 60 -26 23 60 54 5 -38 62 -43 73 -46 -14 67 -94 -83 -72 -33 -72 -17 13 -39 1 -12 -86 -69 65 0 100 -14 19 59 12 -7 72 -14 73 64 -84 18 34 6 -9 44 86 -92 66 30 50 25 -32 -44 11 -64 -67 -29 -15 -57 42 7 -35 -74 -25 -39 -2 -76 50 -31 16 -8
98 -43 38 12 43 11 0 49 42 -48 34 62 33 -61 -8 -27 -39 -32 86 36 26 54 5 -49 -65 -70 -54 50 28 -71 16 95 -7 68 -46 -1 62 -96 32 -32 -30 78 76 43 -79 -7 2 30 -90 -14 -72 -15 -44 61 2 29 35 74 21 36 13 17 -32 -36 -66 13 54 -4 -88 41 96 49 66 49 -97 42 -85 -52 -85 59 -5 81 97 -89 -13 -41 69 12 -63 34 -79 -1 63 27 35 44 55 -84 58 -15
86 -6 25 -45 50 58 -3 -45 -47 -59 -78 -73 -42 90 80 33 -78 64 -14 -8 64 91 1 19 12 -41 -2 63 -49 -96 -10 -93 -67 -11 -62 -31 -20 -55 -66 22 69 80 -64 44 29 18 -77 1 43 -19 20 -5 73 -52 20 -80 -19 32 -64 -95 27 -55 62 54 61 4 -39 -23 -17 90 93 -63 79 -14 -52 -69 -17 91 99 -68 -41 35 5 -56 76 -35 -21 -87 -52 -4 67 22 -65 36 -58 -29 -84 90 -73 -34
-92 -40 -18 13 -69 80 -8 -38 5 12 -29 -36 90 35 43 56 -57 75 45 -4 -39 46 96 -93 -90 33 -2 70 47 29 -47 -10 15 61 40 28 17 -96 -98 13 41 19 -17 -14 18 64 100 0 -53 -56 -22 2 -27 78 -86 44 -98 12 74 -30 -34 -83 18 -100 -34 48 11 -68 -88 0 46 21 99 48 -84 1 71 -83 74 31 79 31 68 29 48 51 18 63 -20 15 11 39 88 8 15 51 -32 -18 -74 60
99 -46 -89 35 -83 100 -66 16 -86 69 32 37 -92 95 1 -16 -59 -12 20 -8 -1 -47 -54 5 -34 5 88 56 -26 0 -55 -61 -61 84 76 4 -63 39 -91 -35 -8 -39 -3 89 26 -20 12 -4 -35 30 -3 32 91 -38 86 -61 52 14 82 16 -77 94 2 -20 -11 28 96 -20 44 17 93 -47 -77 -3 21 -96 100 95 10 94 95 12 36 -15 9 -31 78 -8 -66 -10 -76 86 80 -61 56 -61 -65 -42 40 55
95 -46 63 -20 -17 -63 62 -25 -65 -19 3 64 66 -56 -38 49 12 -19 -41 59 -74 71 -10 -26 45 55 -43 0 -87 -26 -87 45 40 52 83 42 58 -8 58 84 -35 -56 5 -30 45 27 -21 92 -70 -11 54 -68 26 -53 16 55 -51 -22 -50 -53 12 83 26 79 36 53 -26 2 48 -71 -38 49 -69 10 98 -34 -36 -76 -86 14 27 15 6 26 43 1 -35 -58 70 91 -96 -1 26 -36 56 -9 87 -3 66 18
-65 -96 11 70 83 61 60 -44 63 -88 -59 53 -99 33 -28 95 -43 -56 -56 27 64 -89 -87 79 91 83 -28 74 34 40 -92 -83 84 80 0 23 -29 -8 -57 -84 78 -86 -4 -28 43 -89 -14 28 32 -20 82 20 -57 -72 -69 -58 80 81 88 -39 -87 -6 -15 -66 -41 40 10 57 -38 14 -8 -99 28 41 57 -26 23 83 84 43 -67 -87 -37 -28 65 -49 -3 46 -83 -68 62 -74 77 8 72 15 -43 66 61 84
47 -81 -5 96 7 -39 50 -3 51 -28 48 -66 15 72 85 -23 -41 33 -72 24 -71 -91 1 -98 51 -55 -27 78 26 21 87 73 24 -81 39 15 -94 14 -96 65 67 48 -24 2 80 -1 68 1 67 -19 58 11 -28 -30 87 43 87 -95 -3 2 46 -61 -40 34 -37 96 -96 -21 37 52 -67 77 68 8 -21 88 70 -98 62 82 -79 -36 83 -23 68 21 -68 -72 -76 68 -84 -48 77 -38 -81 10 -39 -27 -80 -22
-88 21 -20 -11 -84 -81 -41 36 85 6 28 -75 53 -81 90 -30 31 37 55 1 -99 96 55 31 38 80 70 -48 15 -93 77 93 58 -57 84 91 55 -2 -53 -6 -76 99 -56 -9 41 93 0 51 39 58 -27 -45 5 22 52 9 -73 -83 52 -22 -80 91 51 -36 49 33 -79 37 90 -16 -27 -83 3 -36 91 13 60 -48 -41 -96 94 -29 -24 19 -37 87 -78 -28 17 41 -80 92 46 -45 -5 64 92 32 70 61
13 93 -46 46 -91 77 -39 85 17 41 43 55 -16 -89 -90 88 -16 84 86 -68 51 -29 0 -68 2 -39 86 -17 14 14 -45 -43 -89 -42 13 41 -90 -68 -60 -30 -64 -32 46 -42 -82 89 80 15 68 96 1 -48 17 78 99 -19 10 54 -29 96 -72 -99 -29 -22 91 99 89 -50 -67 -49 -61 37 18 -68 3 -74 22 -7 2 32 48 26 4 -93 -92 72 66 -100 -78 56 69 6 19 -78 -93 31 -6 72 -28 100
49 -52 70 -8 64 70 50 -10 -14 80 42 -37 -8 61 96 37 44 -13 -24 -99 55 -7 55 38 85 -100 -70 -64 59 -92 78 29 85 26 38 53 2 0 -68 -36 48 -10 -98 -50 -34 -14 81 -36 69 -55 -55 83 -52 -50 8 80 -20 -40 21 -5 99 -93 -43 -76 95 34 78 26 31 -53 -6 -50 41 -95 -39 -5 -92 1 83 32 12 32 -96 29 30 40 81 -79 -49 76 -50 39 85 -43 -66 -9 -20 -45 89 -9
100 -88 -30 -76 -48 27 -71 -49 25 -47 87 68 -6 42 59 7 67 7 88 -78 -73 -8 -80 90 -95 22 16 -85 15 -69 -44 72 29 -68 74 5 36 72 9 35 14 -50 96 -30 -49 1 -12 86 53 -62 -15 -25 -22 57 -94 86 85 61 94 -26 -99 -49 89 9 85 14 -94 69 -60 -96 -33 91 -74 -64 26 55 -36 -36 -60 1 -69 -7 -53 61 -70 97 78 -42 1 82 37 81 89 -24 51 66 100 78 92 -57
-31 50 -94 40 -77 90 -53 11 67 -21 -93 -36 -77 -39 73 74 92 -29 74 -97 76 18 -24 -11 -88 -100 3 -18 -89 -19 75 -75 -77 -62 64 56 56 -4 68 -64 -80 -65 50 -89 -53 -72 90 -6 -36 -34 54 34 99 26 34 -94 -91 -10 -85 -46 -5 -100 -20 84 -83 67 -98 -18 61 100 -78 -38 -76 19 5 -60 -55 44 -98 71 68 -64 89 -66 74 78 -73 45 -88 -82 -57 1 62 40 40 82 -51 94 -41 89
-79 69 34 -66 -24 -21 91 39 95 -17 43 -35 -89 99 -69 -45 -71 -44 -39 63 -51 -23 -73 61 -78 -48 -75 82 9 -55 60 -60 76 46 -73 36 12 -20 5 87 16 -29 -35 89 77 -79 92 29 56 86 -97 -69 -71 77 -63 -45 -91 -34 -38 -68 1 -18 -10 -23 -70 22 -44 -21 -100 -37 -69 20 45 92 -71 -6 21 -29 -50 -5 -40 31 -45 -45 -48 -32 -2 -99 -95 -46 47 -23 -90 28 5 -71 -68 60 -5 41
7 -82 -26 57 46 -79 -71 -55 59 -85 -75 78 -52 93 47 15 99 6 -39 0 -99 -90 -41 33 30 24 2 92 26 59 100 96 31 75 -45 76 -30 67 -26 -80 -79 -22 -75 19 67 -16 -20 7 10 -75 72 1 -77 58 27 -34 -74 -66 20 -74 -46 3 -78 77 17 -53 36 -13 -23 -76 -67 16 49 33 -41 93 -75 -34 -87 -50 -53 -31 -74 -42 84 38 43 -78 -80 -19 38 -95 -18 73 -9 81 33 94 -92 -57
-21 -48 30 -16 2 77 -20 1 3 72 52 38 -11 54 70 -52 74 36 30 50 42 89 29 -7 -17 71 17 35 90 -67 15 -37 13 49 -95 -28 22 14 76 59 -70 66 -69 -90 22 -84 -91 19 -10 -18 -52 2 64 -16 47 -79 70 -98 -96 37 37 14 -39 63 -59 -90 73 -86 -4 -35 34 -45 -64 -85 66 -62 56 -100 82 -14 -7 72 7 -48 86 48 42 47 11 -84 79 8 -34 15 61 -18 20 -49 96 22
41 -71 80 35 -55 -4 -23 27 91 -60 44 49 -32 -98 -31 96 -20 80 -59 -70 54 -50 98 -23 -87 58 19 92 -66 52 -87 36 72 -50 63 35 91 64 45 -38 -38 3 -5 -46 59 63 -44 42 1 8 13 -68 95 -22 49 90 83 35 6 11 -1 -91 -96 81 68 -93 31 94 55 -95 39 -72 -89 24 59 -48 -21 -71 -22 -87 -66 -80 -46 -50 -83 -22 -83 -97 66 88 65 -77 -53 40 98 -12 67 -17 39 -94
76 18 -38 60 -1 -79 -6 81 79 92 59 54 -81 39 -64 6 98 -91 -67 52 91 -12 -58 -15 56 -93 -37 -65 -38 58 69 61 -97 10 10 64 39 47 13 79 -13 17 -81 19 59 -60 -46 43 50 25 -28 61 -78 5 18 -74 -10 -34 -71 48 -35 -21 -99 -14 -7 -86 43 31 -69 -57 -2 46 -80 40 -66 52 -80 -12 36 68 89 -31 -75 8 -79 36 3 -99 -57 55 -95 -90 -81 -42 -29 18 -53 6 -53 12
66 95 72 -83 50 40 -13 -80 -45 -25 -65 -26 -57 -59 -32 13 -20 -100 72 21 -22 88 58 72 -90 -18 23 -2 -3 13 44 -32 -31 38 -65 -38 -65 -31 9 36 -6 -63 -28 -61 7 -70 94 -16 -57 -10 -81 -33 -85 22 -92 -34 53 39 -11 -25 -99 -38 91 23 52 86 97 -44 -16 -54 -79 -3 63 -72 -48 71 24 95 -52 -66 -24 -78 -34 -54 -61 19 -30 -54 58 96 -73 81 -30 -33 -14 26 91 -39 3 87
-36 -70 76 23 35 -66 -25 -53 -63 77 87 -43 -75 60 24 78 64 -72 29 -54 18 -66 50 9 -21 61 51 37 14 -73 -64 -88 22 94 -72 67 -9 18 -95 -97 -22 5 68 76 13 43 89 -1 31 -89 97 -46 -73 28 -66 11 -10 51 62 7 -89 -62 82 22 90 -62 46 74 43 16 -92 -34 83 73 31 41 -37 -51 -15 54 91 19 -98 -81 31 -57 -31 -100 25 39 38 99 -45 18 -8 -12 28 -71 1 38
-33 -8 65 -23 96 -73 76 -62 -56 67 50 -74 82 -12 -96 1 77 59 93 67 5 -2 57 48 61 -92 59 -25 55 16 23 -32 78 -55 -31 18 74 -25 91 1 50 -52 10 77 -74 95 -7 -51 74 -92 80 -72 -27 -12 23 -73 29 -11 -94 52 66 -84 -61 -73 85 59 -14 -10 -85 99 -41 3 -30 18 1 -69 -57 -15 -55 40 80 -65 34 23 -40 -48 -94 0 29 68 -35 -87 33 -63 -80 -40 79 58 -32 -58
46 63 -16 -23 0 96 -6 -2 -96 -65 32 51 -17 -20 43 70 92 50 -51 -88 -44 -38 36 -68 91 68 -15 46 -41 -36 -87 8 -92 87 -69 94 60 57 39 -40 41 23 72 39 -73 36 -12 -15 -92 50 -86 32 -67 -16 -32 -7 5 -2 -32 -61 16 -35 53 -13 52 -99 23 23 -51 -3 -13 16 -42 64 69 -32 -14 -32 -80 -46 86 93 -32 63 47 -61 16 12 -62 -1 46 -20 -12 57 -65 45 -61 43 15 -14
-87 -23 -96 -60 -34 -41 38 -89 90 57 -76 -96 1 46 -38 82 -38 -13 -83 -12 -68 -65 -26 -40 0 59 82 -29 -44 87 -81 12 -67 -67 -9 -87 -14 2 75 -8 76 -11 45 -83 3 -45 92 -14 0 -18 56 30 17 44 79 -69 74 88 37 -36 -37 -58 46 -11 -4 -15 39 -93 67 40 -20 89 21 85 0 11 28 27 100 10 -20 -51 -38 26 14 63 -65 75 -41 49 79 -62 -100 10 98 -25 -42 67 -90 40
1 35 69 96 -75 -99 37 -94 98 13 -64 91 -61 69 58 -45 -11 -23 -58 -11 44 50 -70 78 -33 34 -89 -9 -86 77 -66 31 87 -71 28 -3 2 82 -33 29 -80 -63 14 -12 65 -55 24 99 17 -17 -31 -63 -67 2 40 -21 81 -80 32 80 -30 -52 -45 32 -14 -51 -66 -22 31 69 -91 -26 77 75 -26 -42 35 49 -31 48 -97 0 -42 -71 -21 -54 -91 -41 -68 4 -60 -88 98 -26 -37 24 53 100 -43 2
-43 95 52 70 -58 -61 -90 16 91 23 34 38 -7 84 -97 -52 -22 52 41 3 -12 -98 -1 -48 6 -42 4 22 -1 45 -72 10 21 55 -6 -50 72 56 38 -81 93 -64 -92 -62 13 19 48 -83 -66 37 -62 45 -79 59 7 -11 7 -77 8 12 -36 93 10 -89 -40 65 -33 -35 100 -61 84 -63 -42 -56 79 86 -56 39 47 83 30 35 -16 -42 85 21 -46 60 -93 -55 26 64 85 38 -47 -99 -15 -82 -41 -79
46 -89 -75 90 -92 -48 -1 -9 49 3 -27 -70 -33 34 -81 -58 -37 73 90 -42 2 76 -21 -48 64 -68 91 -81 4 72 34 87 91 -97 -77 -26 -71 15 -75 10 -55 21 -85 -46 6 98 68 -40 -57 -62 -6 86 -6 -89 78 -23 65 10 18 40 0 67 -70 61 74 81 76 35 -50 96 33 51 -92 -51 -45 -40 86 -78 -65 39 -63 -59 -85 85 -77 -47 -100 92 -13 -70 -76 81 48 43 -70 13 -39 93 -13 90
-14 49 88 -69 80 -76 -69 87 -21 -44 58 -50 21 -38 26 -31 29 94 89 -13 -17 -85 -4 -70 -15 24 89 -37 40 -82 -39 95 99 -3 -20 -85 43 33 35 -80 -61 48 -27 57 -92 11 59 -99 -4 -62 48 -25 26 38 -46 -46 -66 -43 -45 100 75 23 69 75 13 55 5 5 -92 56 -36 58 40 35 -49 3 -19 33 -35 -94 44 -89 100 22 -100 97 74 -31 -82 66 62 -44 86 -98 -96 -86 -65 17 17 57
-51 32 58 49 -94 1 20 -73 -23 78 -17 94 72 26 12 7 55 95 58 46 78 -24 -91 -56 16 -53 -80 41 76 86 -49 83 27 24 -5 5 28 79 -51 -32 29 28 -36 96 -88 -23 75 8 -50 7 33 -91 -6 62 52 -56 78 -97 53 96 -69 4 -74 -46 -61 -26 -89 64 -61 -65 -50 14 42 -63 -67 -14 8 68 -31 95 -7 18 -52 71 19 -91 -26 98 88 12 -14 -10 81 -51 -86 -100 47 72 -24 -76
-51 51 -32 -88 5 49 -38 -53 -85 99 18 -31 -49 66 -90 -74 -44 -80 40 96 -40 -47 100 87 8 70 37 -15 -70 -59 -34 47 44 -18 35 -39 -89 -95 -9 91 -96 -59 -48 50 -54 50 -54 -33 50 52 49 41 -83 73 43 -35 -93 75 -32 -99 55 96 -97 92 -16 88 -79 32 17 -60 -3 -37 61 29 -95 -96 -19 -57 21 -2 -21 1 -35 36 -13 -26 95 60 -84 -78 -70 46 31 -70 12 85 82 2 -48 -70
-31 70 83 36 -62 5 54 -36 -36 63 42 -62 46 -30 75 26 81 13 51 10 -76 -70 50 -46 -35 -75 -67 -82 13 68 -97 38 -26 -81 -24 19 97 -40 -66 75 62 84 83 52 -95 87 -20 73 21 -70 96 37 59 -14 -78 -82 -96 -21 14 -48 1 -35 -14 38 63 -49 -56 38 59 -52 2 1 92 16 68 -40 -68 27 89 7 82 50 -83 -53 89 83 -29 8 21 86 -98 46 65 94 73 -23 95 -82 -30 -39
-19 -54 46 -22 72 -47 48 26 -19 -21 -53 62 86 79 -50 15 34 -7 -22 8 -95 -21 -84 -29 61 -3 -74 62 -85 78 -23 -68 -46 -79 -77 15 -40 -88 28 -85 -59 75 -56 17 100 31 -50 17 -47 27 -49 -85 99 -92 65 40 -97 58 96 -11 83 -50 -91 84 -67 29 88 -30 100 15 75 92 63 -64 5 -17 -29 92 9 -60 80 46 -92 86 -6 -61 -62 -68 -40 61 4 49 -54 -13 38 93 90 -76 -16 55
33 51 -32 65 2 14 -1 54 -44 90 3 13 -82 -65 -86 98 10 14 12 72 5 -59 76 -66 8 30 19 93 -70 -14 -25 64 -54 -78 49 88 -82 72 89 -33 -57 66 -62 -46 36 -90 -10 2 -16 48 -74 -75 -27 76 94 -89 -80 5 58 -7 12 80 -68 28 -59 63 -53 49 -2 -57 29 -79 -98 -44 94 94 -6 -33 -91 11 97 70 -56 -93 -8 -60 -96 -93 66 55 -63 -69 -35 83 -59 17 -28 -89 23 39
-80 83 -45 -93 -16 -66 -15 -63 -78 -94 15 -62 -85 -18 -33 -20 88 83 -80 -26 -43 34 46 27 29 34 -28 1 -89 65 -37 35 -17 53 -76 72 29 -23 -51 6 -18 31 -88 -78 10 -96 10 -27 -7 61 73 15 97 -86 8 84 89 25 -93 89 82 92 -85 64 -73 87 71 -94 21 57 -20 -25 -28 41 83 32 46 -10 -51 -79 -71 -25 26 35 67 -33 80 3 -96 12 -46 -3 19 29 -57 64 67 27 -100 67
62 75 -69 83 78 17 99 28 8 -47 -18 78 -89 -16 77 88 -69 -24 92 -66 -65 44 74 28 24 93 -96 -28 46 19 39 -77 -52 -70 68 50 -26 -24 81 -83 26 97 -98 -96 -62 -48 8 -51 40 27 32 -26 -45 70 57 -91 -62 47 -74 -99 -6 -36 -22 -93 32 -31 -40 -18 85 50 13 49 70 -24 -21 89 22 -99 -36 77 45 72 10 14 -91 -77 85 -25 37 30 75 -95 96 -29 -81 84 -41 -94 15 38
69 -64 -49 57 -77 65 82 19 -37 100 -88 1 36 79 -1 -23 -85 59 -92 -92 -4 68 80 -79 76 7 -84 -3 -52 40 99 -100 -87 85 56 -96 -88 -42 -57 -11 62 -84 -66 1 81 -60 -12 -74 -29 61 -20 75 -90 -61 -13 52 13 -55 55 78 71 23 49 -26 7 11 12 -96 -95 36 -57 34 -94 -12 26 -77 -67 36 20 -67 68 99 57 48 -26 -66 53 -48 81 24 -40 -72 48 -25 -94 50 35 69 -19 -90
-93 13 86 -100 -84 92 -67 -51 4 87 -90 -12 24 -47 -98 -99 5 30 -5 -50 -8 53 -88 -80 -5 23 -46 -89 -19 -27 -77 -14 53 36 -50 -67 -45 -66 38 78 26 31 -74 -37 20 72 -5 -8 10 58 -91 54 93 21 49 -77 58 45 -59 59 -33 -37 -60 -56 -45 82 -26 78 75 -64 -21 -92 47 -82 -20 88 -2 10 -87 74 -18 94 12 -38 53 53 -96 58 -50 -62 -79 -4 64 68 -63 -57 -24 -86 71 -75
-27 -85 46 37 77 35 56 -16 42 -66 42 3 -90 -96 16 -99 16 6 19 16 81 74 -40 52 -36 86 53 47 71 -10 -63 43 -62 -73 -65 60 22 -32 9 66 36 -23 20 76 -100 -77 11 47 -31 31 -75 -11 -24 -38 24 45 27 41 75 -9 69 3 37 84 34 58 26 -94 4 -90 68 -7 -10 -95 -91 55 -37 23 79 37 71 55 12 9 91 -63 69 98 -44 83 -77 60 -87 -89 2 5 57 -66 80 9
-5 45 -54 31 23 -13 94 80 72 2 -96 70 47 23 74 -94 -43 -10 14 11 -17 40 58 -30 -56 -7 83 -2 34 94 20 9 17 18 33 -36 40 43 62 35 -21 15 6 24 3 -59 3 -41 33 -49 61 59 -95 -47 19 -71 24 -74 -84 -52 60 -37 41 38 8 -84 -26 22 -54 -87 48 78 23 56 -3 71 -65 -65 73 -57 33 -58 65 -82 53 27 6 26 -39 99 -9 -15 55 12 -12 23 54 75 57 60
-99 98 30 -31 68 20 35 75 -54 64 4 84 59 -61 -73 27 68 -74 54 -100 -32 -32 74 11 27 -22 -99 -44 -49 71 26 -82 -79 -13 -56 72 -44 81 34 47 77 73 2 41 94 -69 -85 -31 59 -15 31 56 41 -60 89 -44 -93 -76 52 26 14 -88 -94 24 -76 -99 47 -65 82 -3 71 80 -34 -48 -50 86 74 -44 40 43 -9 22 -69 -47 50 -5 90 60 -34 93 -31 15 13 9 -81 89 -100 -25 -52 -29
-59 65 27 -64 9 9 -32 -85 -77 64 -93 -25 18 -99 70 -55 -65 -21 79 15 -43 65 66 21 87 -52 -28 26 24 -28 69 -48 -52 -48 13 27 29 -76 0 78 48 18 -34 -9 59 -74 -85 -70 70 74 -52 -9 -55 18 -85 -18 -29 76 -96 -81 -40 -10 2 77 -97 76 85 6 58 93 94 -6 -5 -30 -43 -83 25 -64 -88 100 87 -76 -94 75 55 63 65 24 25 83 -68 -53 -10 -100 70 54 -47 79 2 -2
99 -99 68 -22 2 1 80 -71 -66 33 -55 79 -77 -90 43 12 52 64 100 -71 -41 92 1 90 72 -19 -21 -89 5 -47 -37 47 10 96 46 48 84 -79 -29 7 66 43 -87 6 -33 -14 35 67 -71 -85 71 25 35 32 -58 -54 -52 8 92 18 -91 -44 -52 -20 -94 77 90 61 -2 18 65 25 -25 -26 -50 97 59 76 96 68 72 63 -59 -25 -100 66 -33 -42 19 7 18 81 17 -21 33 81 -67 -27 -9 -63
-58 -33 16 -14 -64 11 79 -95 -56 74 89 64 -91 74 9 -65 59 -61 83 -21 -2 -54 -40 13 23 46 55 16 77 -42 69 82 -78 48 1 15 -69 -86 -38 66 -58 77 -47 64 33 -95 -10 -20 -79 -15 -10 0 26 -74 29 -56 -41 -65 -91 40 5 67 -78 7 89 -80 -25 -38 69 97 24 9 58 -46 -84 76 -44 41 -40 54 80 60 -52 -92 100 28 -66 66 -37 -33 -70 -51 -32 -18 -71 -54 87 -78 97 79
-94 -37 -26 -48 75 -9 62 -99 -62 79 -75 -66 -73 85 -39 92 89 -2 -62 37 -54 -54 40 97 12 -76 -83 -65 -54 -46 -50 -32 22 98 -61 39 24 46 -97 -73 51 98 -12 19 32 96 -81 50 74 0 94 0 21 -14 60 -100 -86 37 -10 92 36 -48 92 90 16 41 49 91 -71 -59 -48 81 -75 20 -4 68 41 -67 -8 -52 42 28 67 -100 -82 -27 85 41 18 65 -70 9 -93 39 -44 -38 14 70 -46 62
61 79 83 46 89 -28 -67 27 -11 36 -6 -39 -78 84 -78 -47 -33 78 -11 44 63 -53 -36 75 -57 6 80 26 -16 76 -91 -17 79 56 42 -3 77 90 88 65 -58 -59 98 34 -87 29 -74 51 -11 17 41 -92 -98 -20 81 -57 -14 24 -85 -58 37 -1 -85 43 -61 -83 -21 46 6 -49 0 -74 -10 20 -30 -61 -94 58 22 -13 61 -41 63 -35 -77 56 34 56 -81 -80 -12 100 -59 -93 19 -93 99 -2 70 -89
-6 -59 28 74 -55 31 32 -81 31 -55 47 79 70 -91 -34 49 -100 -49 -99 42 -36 -2 95 -82 -8 -60 -79 -67 27 57 -15 -74 -6 -59 78 63 -27 -4 7 -53 -5 -56 -78 -38 -94 95 17 95 -92 -50 15 -62 98 95 60 87 10 -34 22 -78 -60 -67 32 77 71 3 -8 70 -73 -80 5 -67 15 86 -71 98 -81 -9 -81 87 3 -33 94 -86 -8 -53 -14 -82 -83 11 69 -36 70 6 32 -1 -62 -72 -16 -36
31 -31 -75 -29 73 15 -36 -57 -46 -49 2 -75 -24 10 -62 -99 -44 31 -79 89 -70 -88 52 16 -40 90 -94 1 -74 -93 -51 -29 17 10 -98 -18 21 56 -33 53 65 -79 -41 -34 23 38 85 31 55 7 96 -68 7 50 -84 90 88 69 -51 59 24 -22 -82 40 3 -77 -100 43 36 53 -90 -75 45 4 -71 -60 -27 -1 84 17 -48 21 -37 61 -34 -94 69 37 -26 -2 -4 -40 44 93 48 -49 -40 -97 -21 48
-57 -59 -36 33 -74 68 20 63 -5 -88 -100 43 53 45 -42 75 95 -17 11 4 20 -46 -38 -95 50 92 65 17 70 -73 -30 58 -7 20 10 -39 26 -99 -42 87 -16 -89 -25 63 31 12 -99 -73 28 -90 24 43 -51 -18 -65 -80 38 -2 94 34 72 -92 14 28 70 37 98 39 70 -69 95 -38 -13 88 -60 80 85 -33 -52 66 -36 65 -50 27 78 -73 -23 -55 -1 -83 38 -84 38 33 4 57 45 -51 81 54
-69 64 4 54 78 90 -16 76 -95 97 46 1 33 76 98 31 91 47 18 97 44 37 56 -60 61 -79 -26 -92 -68 77 -32 -1 -52 -73 -53 60 55 83 -47 -62 -82 3 -26 40 28 -62 84 -25 -28 72 -80 -22 31 87 10 -82 95 94 -91 87 -21 54 4 -12 10 92 -22 5 -19 -18 17 -71 -48 -56 -8 -3 56 -30 27 -43 8 20 -46 -40 -88 -69 3 -27 -44 -48 -97 -7 74 -29 -17 -78 33 -53 -98 -22
-32 5 -83 23 66 -42 -35 -20 26 -97 70 78 6 86 -25 -87 94 -89 -68 24 57 -61 -36 -42 -29 75 -49 -94 -70 71 -81 -28 -33 90 4 -44 -48 -5 -5 -14 -14 7 -20 -18 -96 26 -17 -46 44 -32 64 -3 65 75 50 92 73 -40 -65 85 -89 73 30 -41 93 -42 -92 40 67 69 2 41 36 9 -95 75 -61 -51 10 94 68 69 -93 79 -96 -1 -75 93 36 -71 75 90 -5 100 -7 55 76 89 71 41
9 88 -20 -18 98 -94 27 4 -65 -85 85 48 -37 -97 -35 7 -86 -41 -13 -91 37 -88 37 -15 93 65 1 -96 -74 -44 -59 -93 46 -14 2 21 84 -29 24 -92 90 46 21 65 20 -98 59 35 -23 53 -36 -15 5 14 -48 -57 5 95 44 -7 -69 14 -18 0 7 4 -47 44 63 25 48 34 12 63 -34 21 -100 56 -19 -86 -96 87 58 -79 -70 -81 83 -18 59 74 39 33 11 87 51 98 -62 98 -24 76
36 12 93 95 3 -76 -21 86 31 -3 32 59 88 -28 59 95 77 64 5 38 -23 14 81 -31 97 -11 87 2 0 10 -42 91 -18 -15 -15 91 -20 -36 59 57 -44 -41 -1 -32 -78 43 26 37 -38 -32 -60 1 -9 -14 66 23 49 35 -93 -21 -21 90 55 87 -51 -33 -67 9 -92 86 89 7 84 -73 47 64 -69 51 81 -32 97 -3 -66 97 24 -3 7 32 87 81 -78 58 -20 21 -4 49 -39 -69 -4 -42
66 -43 37 97 -6 49 -1 -71 -2 -62 -80 -46 14 82 -63 27 -17 77 -44 -63 -6 9 24 -18 -100 -90 50 -92 44 -64 -73 89 62 81 -36 78 -29 15 -85 11 -5 90 -1 -79 -68 44 -64 -41 12 -39 -84 -48 -4 -12 -37 -17 92 52 36 -11 98 13 6 -56 -43 -86 -64 98 31 46 10 -49 -20 -85 45 -11 50 -56 0 -98 -97 36 65 -86 87 50 84 7 -9 -49 -35 -5 -87 -24 31 75 -100 100 -83 12
47 -77 10 45 94 -33 -36 -66 49 -18 -60 -4 -91 0 -81 -97 -8 -31 -8 44 -48 64 -25 -11 -14 97 -59 -74 65 48 -87 66 -30 -39 -6 -96 64 26 -51 23 -78 -45 66 -20 -6 22 -43 -88 38 -29 -25 -63 -63 8 53 -91 29 63 -39 59 -82 45 -97 31 -65 70 87 -95 90 23 -16 42 16 14 -92 30 -62 96 -82 8 19 -55 82 -63 -81 62 69 67 -94 -67 4 23 2 -4 100 91 -22 -20 -27 -16
-4 44 -9 -53 67 36 -23 37 6 -92 -4 36 -94 48 -15 -87 -98 -33 97 -2 -34 -88 -97 74 -100 38 -32 -58 -100 86 14 17 21 32 60 51 -53 -72 71 15 19 -5 28 -46 42 -64 45 -58 -41 26 48 -15 -50 -84 -95 15 1 87 -6 -36 -39 -69 60 -89 -98 -79 58 48 39 -3 -27 -81 20 98 69 36 92 17 -31 78 -16 -29 -84 -97 17 -55 21 -9 -97 -14 -68 -19 -11 -25 -6 -19 32 59 15 -92
70 -48 54 12 -53 81 -42 -71 10 16 -72 72 -19 7 1 -98 87 -34 43 1 76 83 28 -75 -90 -43 76 -62 66 0 -94 28 12 -41 47 -46 -58 -13 93 -82 26 43 -3 74 -93 37 -11 43 1 -1 4 17 -41 -71 7 -21 -61 -73 40 66 -38 -88 -30 -83 70 45 74 -90 74 -57 -50 4 -70 -36 98 -39 -53 -72 -63 53 -38 12 88 -5 78 67 -12 -57 -1 -97 -79 -51 91 -5 69 34 21 68 18 -35
-97 -56 -67 60 63 -28 -18 -42 77 -62 38 -85 49 -86 -38 -3 -84 35 -70 33 1 -34 -33 -93 -59 59 -19 48 32 -21 -16 -63 -74 -92 69 63 -22 -64 -82 51 97 23 -8 -24 -43 50 -94 -95 -36 1 27 27 -63 56 -69 -13 34 -47 96 88 -19 -34 -52 -56 -5 -99 50 -11 19 -72 43 -97 88 44 -9 74 -70 -41 -52 -49 75 85 -12 82 -46 2 -40 5 -89 48 14 -48 -39 71 -85 -77 65 -14 93 -97
100 53 -80 -13 -70 64 -8 49 -6 -74 -71 -44 49 56 -5 -52 -4 -22 -98 32 -99 23 57 -7 -78 -86 86 -55 -40 -52 -69 2 -81 -30 -66 47 -97 -43 95 68 -32 69 -44 -83 -37 55 -57 -22 45 98 7 -27 -44 100 66 -83 12 -43 -12 42 74 7 -34 -1 -34 -65 65 75 45 -63 -85 75 64 -81 70 -66 83 -56 -71 23 21 95 -42 -46 62 82 32 -3 -60 11 87 47 -10 -36 -13 -33 -83 -92 -57 81
67 -1 -96 63 25 -48 -2 -11 27 10 0 75 29 0 -55 39 39 52 -57 -7 -30 -4 -50 -65 -84 -26 -57 81 23 -8 14 19 -13 41 82 82 52 61 -4 49 61 -29 -4 68 58 -40 78 20 74 -77 -19 -55 -32 22 66 18 12 -92 10 73 -43 100 29 68 -29 87 84 -25 -66 -15 -93 -20 -91 77 24 91 -72 5 -45 9 48 -50 -25 -83 79 -99 73 37 -8 59 62 -83 -63 -8 33 -74 74 14 83 33
47 -67 -4 81 -4 2 -57 -9 -71 64 42 -90 -55 32 -76 24 69 -16 26 42 -48 36 70 43 -24 -95 -98 46 46 56 -1 37 84 -41 -99 62 -41 -29 -53 15 -81 70 14 26 39 32 -31 68 81 33 -11 7 -56 82 -60 100 -71 -47 -16 -23 -48 63 8 90 -38 90 -25 13 -8 68 -68 77 -91 62 -12 25 -80 44 -60 73 67 -66 83 30 -88 -36 -22 -92 -5 -71 -29 96 -56 -33 -43 -14 -57 83 -91 -63
4 83 -88 72 70 -34 -3 35 -37 -65 -93 30 -53 -10 -8 62 -41 -92 -43 -91 -74 -64 63 -16 66 33 39 -85 -85 -17 -89 93 -49 21 37 16 -52 -58 69 9 -74 -94 -37 -53 33 -93 37 -4 -43 50 -42 20 -57 73 -89 51 -100 -73 6 -44 28 86 -16 -12 5 74 12 68 -9 8 99 -82 -33 -60 29 -73 -24 -91 84 45 5 -43 78 65 -54 60 -39 26 -2 67 -29 -43 83 -33 81 -54 30 57 -78 -96
12 -86 -35 -18 -25 -42 10 23 15 85 28 62 19 34 58 -93 -82 83 95 -48 -57 -71 32 9 -91 -47 0 85 -65 -18 -52 25 92 86 -58 52 4 93 -91 85 -14 46 -20 83 52 -16 68 39 60 -16 -13 -54 64 87 -52 -97 -52 -36 75 29 -30 62 85 -85 -69 -62 45 31 100 -58 94 -26 -23 12 79 24 99 9 20 20 -96 61 30 -9 -86 -73 -16 -7 78 -23 -42 52 72 11 26 49 -17 35 -66 -41
-21 -1 45 -73 13 -70 -1 93 -47 82 42 -62 74 38 -53 51 73 -16 -17 44 -12 -96 -73 -16 -85 -42 91 57 76 22 -79 99 -69 -86 -13 -31 -58 67 60 -39 31 -71 -100 17 91 21 -96 -42 -61 54 48 76 84 31 -75 29 30 -3 -97 -91 79 64 44 -48 -56 -93 -86 4 75 57 77 -8 23 98 39 -19 1 53 -6 67 -80 79 99 -72 -62 94 93 -30 -13 -31 47 -60 -24 -33 66 67 -69 -55 -13 6
-4 -77 -14 -76 56 3 -61 -67 -1 -38 40 -30 -28 51 -100 -78 41 -60 -6 -23 39 24 -18 -85 66 46 69 85 -45 -89 67 17 -9 -3 -87 -24 -74 -94 -30 0 -17 -58 -14 -16 73 52 -77 8 -89 72 75 45 -8 67 61 -65 89 0 -22 -36 -23 31 85 64 88 89 86 16 57 -94 -32 13 23 73 -88 63 -39 -60 -9 2 -29 83 -16 -35 82 26 28 -41 49 74 -69 -27 86 76 -65 70 1 24 76 62
-66 62 -9 -93 72 43 -91 -25 -70 34 -54 61 -93 53 -84 -46 -83 43 32 10 59 -86 -98 91 99 -16 35 15 -10 65 86 63 100 -61 -67 36 -77 -47 -68 77 0 2 -16 -59 88 -79 84 -16 51 -12 64 -12 34 -75 72 80 79 -92 -66 -57 22 8 100 18 85 24 74 13 70 -84 -89 8 5 46 70 -7 -86 67 25 84 16 -48 -61 -32 91 42 -21 89 -74 25 61 27 -75 19 -7 87 -2 71 -82 16
-51 86 -75 -32 -74 94 -50 30 -35 69 -8 -97 -29 10 54 86 -72 56 90 -100 38 -94 14 45 33 62 93 56 -10 -46 27 -78 -66 14 -55 -65 -69 -63 78 64 76 -2 55 -82 32 98 55 -15 -21 -13 -89 -89 13 -13 93 2 33 -12 9 -31 59 -12 86 5 34 -72 17 72 -38 20 -46 72 -38 76 46 -50 -28 62 -56 -48 87 -11 97 79 -31 -37 -17 -42 -42 55 39 0 41 -29 49 -49 85 49 7 -93
10 -66 -23 62 -54 26 -23 3 -39 -14 -37 93 -51 -39 47 29 19 -5 -25 -12 -96 -34 -77 -2 -79 85 -62 2 89 64 -29 -5 -79 86 -26 26 37 74 13 86 -44 -61 29 -97 40 11 10 55 -98 14 53 16 -100 26 89 100 84 45 -21 30 -88 -70 58 -50 80 -83 91 72 43 11 -2 -67 89 -92 -93 -30 99 -71 -54 -68 -5 -46 5 -30 2 85 76 99 22 3 89 47 -69 61 -40 48 -90 -7 45 18
-16 66 -31 18 -57 -28 -83 60 58 -26 24 24 98 -99 -78 64 34 65 -58 58 38 80 72 21 64 13 10 -83 82 -83 -89 -80 51 61 -54 -94 -47 -56 -87 91 91 36 39 5 71 50 28 82 -50 5 -20 40 -17 -96 -20 65 59 -61 -37 85 0 37 -23 -92 80 -97 90 -87 -71 6 3 43 95 0 81 -89 -71 96 99 2 65 -41 -80 -11 52 29 16 44 -47 34 44 -95 -21 -22 -52 -46 -84 -13 -36 -96
55 -37 -53 -83 72 -18 -68 20 -86 -54 -61 3 40 22 99 -73 -65 41 -96 10 -21 -20 61 83 -90 -91 67 11 34 -39 35 -71 -92 -90 24 -64 -98 53 15 68 50 -63 68 -47 -54 -24 -92 36 -3 4 -67 36 -3 67 -6 -39 -95 38 3 -92 -44 -71 -9 14 71 48 100 -40 68 -46 -13 86 -75 62 -62 55 67 -53 44 -54 -7 -71 83 31 -49 -31 27 72 1 -1 -47 5 84 64 18 -61 10 -44 13 20
52 50 -53 -82 -43 -39 -56 -51 -92 77 -42 -92 39 83 54 -99 -89 -56 1 -12 91 12 -31 -37 -49 -77 -79 51 100 57 -89 -28 -47 -38 61 5 77 -20 -79 99 23 -79 3 65 94 -55 49 16 -56 62 -63 -73 -31 -35 -83 16 34 96 29 -50 -90 -37 93 -61 79 -9 50 43 93 84 74 -6 16 98 96 62 -24 46 -74 -68 3 49 -88 86 -48 -17 -72 15 59 -41 34 5 9 -45 -57 -8 -33 63 69 -92
-35 -61 -19 -56 48 -35 65 -43 40 -18 -100 -1 -39 58 11 -88 58 -35 -2 -81 34 -20 79 -73 -38 15 49 -70 5 69 63 89 -33 39 61 -86 38 -12 -50 -79 -100 -66 36 47 -82 -60 14 -66 73 -10 5 79 92 -49 -62 -30 -1 27 -83 -24 -11 -70 -50 37 14 96 -37 64 -22 -37 55 29 -50 -1 76 15 -91 -39 18 -100 86 24 -35 -28 81 -43 -92 59 -7 -72 6 26 -12 19 58 33 53 28 25 30
-42 12 70 -15 13 85 28 65 23 -71 -78 70 -46 -10 96 21 39 -99 -27 -82 7 -23 -91 -16 37 52 72 -10 -48 73 95 -24 -1 98 -95 67 60 -29 -48 49 84 -75 42 -58 -32 73 -15 14 -30 -72 12 -71 80 85 -17 -46 -89 -34 -14 -45 51 -48 -31 -75 19 24 24 -55 -59 46 -53 100 -94 -4 -82 19 -14 33 -49 -82 11 79 -33 73 22 -87 89 25 89 -23 -32 -96 96 -54 -26 82 -19 -22 57 -55
-53 84 -23 62 69 -12 -85 76 18 -62 -22 85 70 -36 30 12 85 23 -90 38 -33 73 -1 -31 53 -6 -1 -50 25 56 -100 -51 20 11 76 97 45 -21 -10 -56 -4 34 61 6 -81 -88 -10 1 53 4 -95 27 41 -17 39 26 -54 93 -33 -76 41 -73 73 8 79 -29 79 22 -13 -42 86 -13 71 -74 50 -69 -98 -39 3 -20 69 1 12 -50 17 71 -82 -59 41 -17 4 32 -31 70 -87 -30 86 -72 -86 77
65 -85 -46 -75 -40 -5 71 -74 67 -10 73 7 -21 -74 -39 -34 -48 61 23 -21 -3 27 82 7 21 -84 65 -46 74 47 -100 -64 -43 31 28 -26 9 -14 -66 10 60 81 22 -100 -41 -57 -9 67 -68 -24 -48 42 -13 20 -70 7 0 -16 -14 41 -32 13 -74 42 -70 34 84 61 -65 85 55 -58 -73 -87 -21 -72 -88 -44 94 74 -57 -87 83 -29 2 -51 74 -22 -61 -56 82 51 98 -53 63 -52 70 54 83 -11
-23 71 53 84 14 -18 -48 48 8 -65 20 74 -42 35 -22 53 -67 -60 51 68 -27 -17 -99 -11 -54 -42 -74 22 -8 47 -75 -33 -13 34 44 60 -75 -68 -33 -81 -36 36 43 46 37 -77 -94 61 -14 -79 2 -32 24 -38 -5 -98 96 -22 22 -98 86 -7 -82 -73 18 -28 -60 -31 28 20 42 23 -69 27 68 -21 -42 0 71 -84 -35 6 85 52 -42 98 -14 -7 71 -96 54 -71 -27 -32 -34 13 64 80 -66 -68
-5 -9 -27 34 2 98 57 -21 -84 62 51 -29 58 95 66 -96 -39 -97 17 -70 43 28 -5 79 -32 28 33 66 -81 80 5 -78 -59 -6 -94 71 -86 9 12 -77 9 16 25 40 -3 71 -16 -93 -56 24 -21 24 -84 -45 69 82 -40 10 38 67 -13 81 -93 -68 -15 -12 35 59 75 49 -45 -86 33 48 81 -98 7 79 23 -12 -22 -11 64 -36 -89 -43 -91 -92 88 79 -60 -95 -64 -38 55 11 -23 -93 39 7
-4 -64 -46 -43 -46 -33 -72 80 -55 57 0 1 39 -50 5 -87 16 -43 -11 89 2 -16 67 29 19 8 34 -92 -71 45 -91 42 73 68 29 -4 86 -93 95 -23 -74 -63 -81 26 73 76 32 31 62 11 9 -37 60 59 -81 31 58 -52 31 56 -30 -21 92 59 -3 -6 48 82 47 -28 -90 26 -79 35 20 0 38 -8 25 6 -22 29 46 20 36 -84 -34 -31 37 69 -13 -70 32 -95 83 17 8 -4 -47 4
-52 -61 94 -27 -8 -29 9 20 84 97 -37 6 -93 -19 -14 34 -65 -22 76 43 1 -26 13 91 -80 80 -79 50 89 -93 -27 18 83 90 96 -50 -51 13 -64 100 5 -81 -9 -99 -30 -86 -97 51 -74 -13 19 -13 64 -48 -77 -86 99 -44 71 26 -78 -49 99 83 -90 -33 -72 -22 -45 60 29 14 89 73 -36 77 25 53 -67 54 97 52 -16 -48 -31 -34 -64 50 6 7 -90 -88 -16 -15 87 9 92 32 -22 13
82 -84 -42 79 -55 78 -87 -3 64 -79 30 -46 8 -81 -28 -52 94 25 50 55 -67 -33 76 -69 4 5 -82 -7 56 87 -3 2 22 -31 57 -20 13 90 43 16 9 -92 -14 30 -73 -87 30 77 -79 -49 -5 13 -10 -4 16 -44 37 -32 -84 97 -38 32 -25 -58 -48 -84 -89 84 20 -60 24 37 62 -35 -33 -22 12 6 91 96 73 -85 -100 -27 61 -31 -92 -27 -14 -66 29 -44 -12 77 -16 -80 -43 -19 60 93
-40 25 78 52 -25 69 -3 27 -87 -22 -69 91 -32 56 100 -79 -89 -38 -76 55 83 -79 27 15 -18 -46 -7 8 56 67 12 -42 88 -46 -18 34 72 -93 -11 -66 2 -43 28 -87 -95 91 35 91 -63 35 63 -85 87 -40 74 -51 35 73 -99 -69 23 -50 -12 -5 -90 33 -12 -47 -11 58 -49 -60 95 -75 63 -75 -98 -30 -21 73 82 -12 62 93 -60 -23 47 -38 4 17 -83 59 -61 -57 92 -74 7 25 -71 29
29 -1 -38 -68 69 52 99 46 80 -28 -86 -22 -96 49 6 3 97 -3 -78 -82 91 50 55 65 13 42 -20 88 -33 -35 -72 60 -1 -22 -73 -58 -72 -18 65 -90 7 -6 18 7 17 -8 -33 -60 74 88 -76 83 0 60 -73 42 -76 70 66 -99 62 -27 2 65 -47 -37 -73 99 -48 24 -45 35 61 28 -67 41 -67 31 33 -66 7 -14 86 -43 -64 -68 -39 44 -52 10 -9 -5 -70 6 -70 -67 59 -87 -12 23
-69 82 60 -24 -79 63 60 53 42 2 -5 3 -44 -9 -33 28 -42 63 56 -19 56 11 -71 -92 -73 -52 -78 -87 -86 -77 45 3 94 29 23 17 76 -54 -15 -5 89 17 6 71 12 50 -90 86 49 -22 89 99 -36 31 84 -40 44 44 57 -99 95 92 48 25 73 -51 56 54 62 38 -78 -2 70 -87 -86 64 14 -1 -33 91 -39 60 66 -71 -100 25 25 21 42 88 -90 -75 46 -34 -33 -60 82 -27 80 45
-18 -40 35 -14 -45 91 -92 -72 -10 42 -62 74 91 -47 6 72 -24 48 59 62 -52 98 63 -56 69 0 34 -67 75 57 -71 -43 21 16 -93 -32 83 -70 3 -10 -77 -69 61 75 43 -64 -60 -94 -80 44 -96 35 -54 16 67 -28 -59 -40 -32 43 20 -69 -43 7 26 98 -30 -71 -13 77 -63 -63 21 -78 -78 -39 91 -37 -79 -38 -64 -23 64 -82 -78 43 -10 -81 -89 42 -92 78 95 31 -7 -47 -26 50 64 -48
-27 21 4 -26 -37 97 87 -8 30 -16 7 -12 92 88 -23 7 -58 -28 25 34 -37 37 -5 90 62 92 42 3 -71 -23 -12 77 12 -98 -10 -64 -66 -76 12 59 -19 -28 -71 86 22 33 50 -56 -42 -81 89 -80 -88 -1 -33 67 72 15 74 98 17 -68 24 81 63 62 68 -64 -78 82 48 32 36 97 -33 -1 33 -54 -2 83 -4 75 41 65 36 66 10 -98 43 -95 84 76 28 61 -38 1 21 64 37 0
14 62 -20 -90 -24 70 -83 28 46 8 64 45 42 8 21 -65 46 -100 -73 -36 -43 -95 -91 16 70 62 -97 77 -56 -84 -34 49 -51 37 51 33 -62 -87 -37 0 40 -9 74 -40 34 -70 -22 -47 -87 2 24 38 -33 -63 65 5 92 87 -57 -69 -19 52 58 97 -1 38 -40 -70 -96 58 -88 -24 20 32 -93 50 -42 40 -35 20 -52 -13 -33 -73 31 -77 67 97 79 20 71 -10 55 28 -1 -11 40 -29 51 -100
-53 -62 87 43 -38 -84 85 -14 35 -80 47 83 -31 71 -77 79 -50 -100 11 18 -93 58 -33 -65 28 -37 79 -96 -36 22 -39 41 -71 78 -76 9 88 -35 2 82 30 -41 -63 -39 -8 -53 -98 -54 -37 42 -58 58 -31 24 16 -38 61 11 41 96 45 69 20 -62 -32 -74 81 61 -49 85 3 72 -7 -24 23 1 -54 -24 43 -4 16 -56 -52 -24 -35 36 0 67 23 53 90 -57 45 -31 90 24 1 -71 -31 -73
-70 15 -76 32 -1 -68 -82 -24 25 35 -62 11 2 96 83 -95 -38 99 -67 80 95 2 27 -75 4 -36 9 48 -25 44 92 -41 38 -80 43 -94 87 -29 -99 91 -25 -68 -44 52 67 -40 -61 -13 33 -24 -75 -26 57 -8 -10 21 47 94 -3 32 -12 57 72 -82 -53 -29 29 -1 -18 62 0 89 -36 74 -89 67 61 -8 -49 2 62 79 22 88 26 17 100 22 -89 -20 -6 -32 7 82 63 33 20 -57 53 60
70 -87 -29 -58 23 7 69 89 23 -28 -100 63 63 36 72 100 49 -60 -73 -77 -36 -78 -94 -60 33 0 -46 -39 -14 1 48 -28 33 -18 14 -52 42 46 -37 -76 12 86 99 74 -41 -51 -66 46 -26 -58 -56 31 -80 98 97 -23 -75 -42 46 -74 72 50 -84 7 100 60 94 3 46 40 -41 -14 19 -47 93 12 19 -90 -93 -90 33 -32 15 -8 -68 -81 -91 -57 11 7 20 -92 -41 -10 -51 72 -65 -20 -7 20
-57 72 -42 76 28 -40 -84 -40 31 -6 -58 -78 -44 -56 77 -63 58 -50 56 77 49 29 24 75 75 99 -14 43 98 20 28 -15 89 -49 46 59 99 -6 -3 -62 -32 36 12 -79 56 17 77 74 -22 53 -22 -88 1 -53 39 46 -4 -24 24 62 58 -47 -66 -84 -74 -93 17 34 55 82 18 -49 -16 -91 27 17 -30 -70 -100 -46 -8 17 -15 -78 -97 -69 -72 62 97 90 2 -63 -43 60 37 70 -64 -67 8 -84
99 71 44 -56 72 -75 -85 -84 99 -76 39 43 -23 -20 99 -98 -49 4 98 98 -71 -70 -68 56 -4 -43 20 32 46 74 -70 -91 98 -60 -89 40 -49 -3 -31 19 -33 -71 -80 24 23 -67 -53 -60 100 13 -70 -45 96 71 -86 2 -48 -97 -77 -78 -20 -30 60 -2 -82 -10 20 -91 73 -5 13 12 -5 -70 27 -35 76 94 87 -49 60 -2 77 6 71 -17 -39 -86 62 -29 -72 74 24 -99 64 -49 -72 48 -10 -87
11 -76 33 -51 -17 -81 39 77 -47 -13 20 -83 -2 11 54 -32 32 -44 -72 -68 -27 -68 -28 78 88 66 58 -15 98 -69 -62 64 -97 -4 99 65 -7 -73 21 0 43 -75 24 -29 -44 51 -47 -14 81 -71 -71 81 -23 -20 24 30 62 -55 36 30 98 46 -86 -21 39 -51 79 -44 97 13 92 -84 15 -83 -6 33 -11 -28 96 17 -6 61 67 58 45 -85 66 -45 83 28 2 20 19 8 73 89 -13 7 -65 14
62 14 94 48 -84 27 -32 -82 87 -56 -62 -26 -20 -41 24 10 -98 -55 65 -67 41 94 95 -83 -76 -34 -44 65 69 65 63 93 43 -69 31 -19 63 -61 20 -18 -57 82 93 -91 8 39 92 41 -64 34 39 -17 64 -86 -81 9 -9 -62 -95 -72 -50 -26 -11 -39 1 28 -84 -46 -89 -55 2 93 29 -83 -59 62 -54 -34 51 -92 -54 47 -48 -26 82 8 19 50 97 -46 -25 -73 2 -64 -38 -84 -16 -7 -16 65
62 54 8 19 80 -64 -9 -12 36 -14 -7 -29 -61 78 -13 -34 -1 50 31 67 66 -40 -28 -23 62 -97 -66 -16 -79 72 -34 60 28 -31 19 -6 49 97 64 -41 1 -32 5 -90 65 -77 59 21 85 44 48 7 -68 23 -55 28 -1 -77 -22 99 59 -99 0 -81 45 17 -52 -87 -37 90 -74 52 54 1 -65 40 -57 -62 46 79 35 -86 -87 16 75 50 -1 53 42 1 97 -97 94 33 -74 -9 16 82 -93 -88
-9 -94 84 -27 37 -99 69 -96 -18 19 21 22 -95 96 51 -71 72 55 -49 33 -9 49 -1 -97 9 24 87 28 47 -8 17 -31 -1 -95 -81 -93 -68 96 -68 74 -54 -66 -71 55 69 67 6 -99 -75 -38 -80 -26 53 -84 -60 -60 -13 50 73 -15 96 50 57 68 -5 -98 7 -30 -43 -57 -21 75 35 -93 -86 -79 24 37 -75 30 83 -23 -48 -45 -50 -21 -91 33 28 -83 96 -66 10 36 -80 12 -6 49 61 -50
63 5 -57 76 57 18 -35 89 -18 -20 95 65 70 -10 11 35 40 -70 9 40 -62 -92 -25 77 -20 -77 -66 1 -79 43 53 -23 -16 94 13 -12 -44 77 -89 56 73 -25 -71 -5 11 80 -72 76 -13 -70 78 -19 84 -21 -20 -66 80 20 -82 91 78 -1 94 98 -12 63 75 12 -40 -94 -79 -11 -50 -73 67 89 -8 -78 -81 -18 -67 -93 88 14 96 -3 -45 16 49 -36 -23 11 59 -45 -62 -100 4 21 71 96
-94 -90 -21 -45 -50 98 89 87 73 43 -86 64 65 33 -36 33 -29 -88 88 36 -63 51 -79 35 91 55 97 -3 -66 -62 -97 10 -83 83 62 22 76 -69 39 -58 -57 -56 45 -1 42 -59 -66 -90 -2 24 -54 67 15 -61 63 -97 52 -9 7 -72 -85 -63 -80 94 -9 39 52 -34 -58 66 -16 -49 55 -73 -34 79 33 -17 62 -44 -38 -71 62 -65 68 82 80 -71 71 -11 6 -42 -72 -70 70 -3 73 22 -4 -66
-81 68 -20 -62 -31 -28 -95 -18 8 56 -52 -60 47 -5 3 66 67 -13 92 53 -14 41 -41 -29 -88 -91 -98 35 61 93 -64 44 -80 -14 95 27 -49 81 -52 -50 94 -80 -5 80 -71 -72 38 38 86 -33 82 33 -58 -95 -62 35 -56 26 -1 -55 95 -61 10 -88 53 -32 92 -18 68 1 -74 -83 -75 76 -40 -4 -100 62 -98 -87 34 21 -93 0 89 68 -40 -25 -7 -32 -1 23 53 -100 -77 3 -17 45 78 23
