20
-6 62 89 19 -44 83 -64 78 81 -56 5 -62 14 -19 -4 92 26 55 83 17
54 -81 -19 -26 78 5 37 22 -66 77 -20 -61 7 63 42 -35 75 98 -61 -62
-15 -98 62 -12 -51 -84 -48 47 -90 77 29 -49 -17 -24 22 -3 -98 51 57 -28
-33 39 -83 2 12 96 76 53 -18 5 -34 -84 -89 44 30 -90 66 74 62 57
95 -57 93 -19 52 -60 24 -4 34 -93 -56 73 2 -80 -31 -61 60 91 50 -58
16 80 -70 71 74 27 67 -62 -78 -64 -42 0 90 -67 5 44 -84 -70 -30 -94
1 -82 8 -46 -82 14 90 71 49 -87 44 -33 20 81 -3 -26 35 -90 -33 76
98 -32 98 97 59 55 -11 74 -87 81 -17 -62 -58 -41 -15 -5 -38 45 33 -90
6 10 24 -98 -77 -42 -9 -54 30 -42 69 22 -86 76 90 -51 -16 11 92 55
-95 -91 83 -88 -99 -23 -90 -35 -7 -8 -95 90 -14 -72 90 -80 -76 -13 -15 -22
67 72 31 -95 -64 -26 21 -96 -9 -38 15 -80 77 -85 -20 -13 9 96 47 55
-81 92 -3 93 -37 -34 -3 -24 71 68 76 61 -69 6 94 -56 23 -1 -97 -72
89 -51 56 -33 -70 71 40 67 86 -42 84 57 -17 -64 -32 -82 -46 36 68 54
88 -30 5 -51 61 -93 35 -21 68 89 -36 -23 93 -95 -15 59 67 92 19 -27
-96 52 -99 16 -60 -42 -30 85 -16 -91 22 65 0 44 -35 13 -65 -83 45 27
-64 39 80 -16 73 27 55 86 -3 19 49 -87 97 -6 -55 75 3 79 -85 79
-80 84 -43 -84 -92 44 49 47 21 -31 -87 -14 -34 85 69 -77 52 97 -82 -53
-82 -20 73 20 0 28 -62 -43 -88 -5 -41 59 72 -52 -3 -19 34 77 72 -79
82 -42 100 97 12 51 87 14 -47 -55 10 -81 -33 4 -81 11 -71 86 45 82
-44 94 -55 -99 57 -83 58 95 27 29 -6 -11 -27 -21 35 -3 -41 -23 -19 -53
